1.948716909999788915e-01 8.267438199507215479e-02 5.279391799991622891e-02 1.706815869961973986e-01 1.939672299999995186e-01 8.240596499516213147e-02 5.262167599999289375e-02 1.699835509959315982e-01
1.746276499977651719e-01 8.914990199446556907e-02 6.026899899808386973e-02 3.202776339852367871e-01 1.860668209996088618e-01 8.186550399518396914e-02 1.943851500165293122e-02 6.830497499629990810e-02
1.741955059977530751e-01 9.043840299415431550e-02 5.892324199831248943e-02 3.257375089835631288e-01 1.834010569992863271e-01 8.112761099534077092e-02 1.911200700159973800e-02 6.706466499646146495e-02
1.786458559984254735e-01 9.256622899401813209e-02 5.750775399868537918e-02 3.275080309836407300e-01 1.812908429990386094e-01 7.908307099544133190e-02 1.865152900156567123e-02 6.474668699685419415e-02
1.772961099984862732e-01 9.483173299376193577e-02 5.631287899906047695e-02 3.352935099814266517e-01 1.782568459987203535e-01 7.684819899559554301e-02 1.804292400144791308e-02 6.311779899697342322e-02
1.807540759988011114e-01 9.658238599365992494e-02 5.462513199939574710e-02 3.371615619806170305e-01 1.763622519987318726e-01 7.557383399583099404e-02 1.787886600140362395e-02 6.106189199748014718e-02
1.807872199989671302e-01 9.877430599346688489e-02 5.359079899966170957e-02 3.407108999789031367e-01 1.736567379980609171e-01 7.525402499570425785e-02 1.788400300142446026e-02 5.934200899775258359e-02
1.831367769993583750e-01 1.024297029931719588e-01 5.252431100000317515e-02 3.421675629786953832e-01 1.719334439974683770e-01 7.341563899586760200e-02 1.752901500137858670e-02 5.686354799835370566e-02
1.835276739993059736e-01 1.037416639932244450e-01 5.119870600051035225e-02 3.439086829778072452e-01 1.710696349975425745e-01 7.276692899611836296e-02 1.725352600133085723e-02 5.653318299851483458e-02
1.836515449993434412e-01 1.068477389929624322e-01 5.033794500073855011e-02 3.483128249759728234e-01 1.690566259970149865e-01 7.051362899629204373e-02 1.704428300128437226e-02 5.423540799899483761e-02
1.862251439997906211e-01 1.078965869929683352e-01 4.873622300126940338e-02 3.492260589760434741e-01 1.683129389968743839e-01 6.970653699639438317e-02 1.671299800120226720e-02 5.318351299941657950e-02
1.872232589997568086e-01 1.121955209930207420e-01 4.748704700181175659e-02 3.507859239754453906e-01 1.657683929966085323e-01 6.868969099660612865e-02 1.650792700114545042e-02 5.134223799989336146e-02
1.876836829996541833e-01 1.148437079927988325e-01 4.688982100196502356e-02 3.521078049750855365e-01 1.649086709962069297e-01 6.716303599691983428e-02 1.612175600105286710e-02 5.028152000032839325e-02
1.919807460001837496e-01 1.170216429929806234e-01 4.521151800276766719e-02 3.547757229738877083e-01 1.612344489961838045e-01 6.552739199710146123e-02 1.576382100096420519e-02 4.848470800086349120e-02
1.917516319999392205e-01 1.189276429928598777e-01 4.428488000314623196e-02 3.564823759732188013e-01 1.602102469961414477e-01 6.541900999713501363e-02 1.586894600097943711e-02 4.705526600144833288e-02
1.926839430004354536e-01 1.221161189929222818e-01 4.338134900355791052e-02 3.588652539719571211e-01 1.577041899958372406e-01 6.354462699748059107e-02 1.535527700086420332e-02 4.634924100162927246e-02
1.945811430003960008e-01 1.254437429930011783e-01 4.220107900408318069e-02 3.578910599727364583e-01 1.571220259957519794e-01 6.262891399756445598e-02 1.530452600086022567e-02 4.482750900235978747e-02
1.965766650005442151e-01 1.281141459929911186e-01 4.131019200418657028e-02 3.579746319728175363e-01 1.557059109955464815e-01 6.182529399770653189e-02 1.506759400081863695e-02 4.342556600307605208e-02
1.983608540004591636e-01 1.320764409930931527e-01 4.045800100414117390e-02 3.580562639724330087e-01 1.529906519956645838e-01 6.071973699794205176e-02 1.494087500079285639e-02 4.239717600357136712e-02
1.994118300007799716e-01 1.351815349931555499e-01 3.968729900410252615e-02 3.587786769719075175e-01 1.523770149953360409e-01 5.927704299830996448e-02 1.468413000067745298e-02 4.060247100379342500e-02
2.012859560006506066e-01 1.387074879930892679e-01 3.870487700402220482e-02 3.576166909728644705e-01 1.505665379952247640e-01 5.840738099837509273e-02 1.455145200064780590e-02 4.015961700375009907e-02
2.038768120011095752e-01 1.421932869934303401e-01 3.770461500401269678e-02 3.574482329725108265e-01 1.482469609952016543e-01 5.744899199862489592e-02 1.430896300055616369e-02 3.877213700369001176e-02
2.055045650011090852e-01 1.454347109934950311e-01 3.719729300393583710e-02 3.544493309741460485e-01 1.490649839951312117e-01 5.665386899877820209e-02 1.424245000058182477e-02 3.745279700360931024e-02
2.054675450009340321e-01 1.496736129936767634e-01 3.639031100389568396e-02 3.567301999728407225e-01 1.459443579948978553e-01 5.543646399918845946e-02 1.387862100043590029e-02 3.647888800360617884e-02
2.079277710010565827e-01 1.535846449941114522e-01 3.548240500382110474e-02 3.520265759747416290e-01 1.464917869949808604e-01 5.496333499926258498e-02 1.378629300042158445e-02 3.573718800360212861e-02
8.942419999468925740e-02 9.017918499428417833e-02 3.220941299856596163e-01 3.275488499844957935e-01 1.022107499937301295e-01 3.663644200389614553e-02 1.045819599893768603e-02 2.144824700206268697e-02
9.298488799401867511e-02 9.440199999396957364e-02 3.212501819856976581e-01 3.210790329857375336e-01 1.024420459935995731e-01 3.630170000383390466e-02 1.050296799894812234e-02 2.103718300192015597e-02
9.784435299365555616e-02 9.852839099370624965e-02 3.145908389872650313e-01 3.173286469866872794e-01 1.036018249937725039e-01 3.649887900387384365e-02 1.054969799898233460e-02 2.105736800198265007e-02
1.015603299936528314e-01 1.010425989934553709e-01 3.148065439872942406e-01 3.123584719878422233e-01 1.032531279936935997e-01 3.597521600383069701e-02 1.043431799893439899e-02 2.056939300190758699e-02
1.057014139930273766e-01 1.053822429933074095e-01 3.094980329879841174e-01 3.102941899881321852e-01 1.018400979938646339e-01 3.614881100388032259e-02 1.040945799893483112e-02 2.072575300187588093e-02
1.080330399931594410e-01 1.093598219931159604e-01 3.067288379891215389e-01 3.060294999895644685e-01 1.028589349936868125e-01 3.579890800384318006e-02 1.037190199894181576e-02 2.081905500193218309e-02
1.130714669932519623e-01 1.135807549933119109e-01 3.021327019898562005e-01 3.022644899898683790e-01 1.023890069935113195e-01 3.577561700383706522e-02 1.041363099893661062e-02 2.037233100181758474e-02
1.184246209930714944e-01 1.178900369929210962e-01 2.979368749911979752e-01 2.967104929910467925e-01 1.030330019939328379e-01 3.532475000377657132e-02 1.036664699894275857e-02 2.031357500183313819e-02
1.216780639930750557e-01 1.216943379930063712e-01 2.953609769910638949e-01 2.944713929915361850e-01 1.011554849938743339e-01 3.534100800382429519e-02 1.023887799894561759e-02 2.005985700183023079e-02
1.261875549930812912e-01 1.269712109933165967e-01 2.911774979923829609e-01 2.888831009921771220e-01 1.020520569936996941e-01 3.481323800373328781e-02 1.017765499894900290e-02 1.973768500178338728e-02
1.310574599931683126e-01 1.314041169932606834e-01 2.855412049925546980e-01 2.867499059929090044e-01 1.011946939938713763e-01 3.443489200374164061e-02 1.013991699895459148e-02 1.947780900173127355e-02
1.370992139934346377e-01 1.346290119933475082e-01 2.818336749932450758e-01 2.804248609942046055e-01 1.020215279937822794e-01 3.429868600371859672e-02 1.018208699894736051e-02 1.951093700168008219e-02
1.410606339936608944e-01 1.396433029936193781e-01 2.763320599945153222e-01 2.777980519942844229e-01 1.014983669937846444e-01 3.422241900374205920e-02 1.027730399894303225e-02 1.916786100169429879e-02
1.446778779939479620e-01 1.451340399938147729e-01 2.734914769952703217e-01 2.736036519948977785e-01 1.005086159937458451e-01 3.392894900368554484e-02 1.000814699896388979e-02 1.864724100156318204e-02
1.490422399941953024e-01 1.502552499942391429e-01 2.678039669956904234e-01 2.674291249957047589e-01 1.029012439937556367e-01 3.370257300369707693e-02 1.008413499895465144e-02 1.878146600166251401e-02
1.553209279945917676e-01 1.569386449944694117e-01 2.611725939964838483e-01 2.629789289964855614e-01 1.019206699937627442e-01 3.341450900361449955e-02 1.004274199896775487e-02 1.821098300154170083e-02
1.611426619951525085e-01 1.601599129946558453e-01 2.578453009975420485e-01 2.585475489972505758e-01 1.011810249938278061e-01 3.288220500360476695e-02 9.948560998966838459e-03 1.829278400150103484e-02
1.675989419952962911e-01 1.659719979952369029e-01 2.531533679975052631e-01 2.519652199979743878e-01 1.010807679935395165e-01 3.238361000354890440e-02 9.925769998963000079e-03 1.792032400143779916e-02
1.719533369963779645e-01 1.706273159964577235e-01 2.481658409985679770e-01 2.477325359980547537e-01 1.020733279936126281e-01 3.216855200358972877e-02 9.883972998962901532e-03 1.739511700134219532e-02
1.760871899970765653e-01 1.761024779973405230e-01 2.430409069988526405e-01 2.441450079987718125e-01 1.011554379938057052e-01 3.220615000355631780e-02 9.868917998969236813e-03 1.739391100136150267e-02
1.822382099982537695e-01 1.826255689983359021e-01 2.386770319994767631e-01 2.380123079992939039e-01 9.959211499388009869e-02 3.190310900354605128e-02 9.834448998970291012e-03 1.711720800126712710e-02
1.893012389993117273e-01 1.876269389990134484e-01 2.324738059993967376e-01 2.311058669996638726e-01 1.014827989937962943e-01 3.134025900353540339e-02 9.718976998983721097e-03 1.695011400124822251e-02
1.948834709997824266e-01 1.941084159996455116e-01 2.268951629999127195e-01 2.267095910000059278e-01 9.995504399381188732e-02 3.100465600348759759e-02 9.757522998975962092e-03 1.668613600126272675e-02
1.994434909998710204e-01 1.996062350000552543e-01 2.208858270001915203e-01 2.215876020000956681e-01 1.014144599937354535e-01 3.086135900340475011e-02 9.738408998986688991e-03 1.646261700115863105e-02
2.050370259999262645e-01 2.028469000000024114e-01 2.166725630006032521e-01 2.170610980000489132e-01 1.018168319936499505e-01 3.059139800343444598e-02 9.722829998983889208e-03 1.625135300112480127e-02
1.683098999958170250e-01 1.700704939960862305e-01 2.306918240000210840e-01 2.320281369993668352e-01 1.128908759935624007e-01 4.396572200311511802e-02 1.246926599993194475e-02 2.957378100302595139e-02
