3.567316247681887043e-02 3.628001537865668813e-02 6.059525166607545449e-02 3.685784810114118293e-01 3.612749727529960403e-02 3.625111837841401424e-02 6.089292076580461038e-02 3.656015529109974405e-01
1.987452341020054178e-02 2.368787080274220580e-02 6.601091596466739098e-02 8.293495713154627191e-01 1.885589621009996220e-02 2.624089109635899253e-02 7.247041804184033674e-03 8.733289405006351355e-03
1.885854471000642310e-02 2.312915050511380952e-02 6.179633266499590105e-02 8.388623770197457530e-01 1.772586140998311244e-02 2.403911660175603662e-02 7.126495304122745268e-03 8.462121804900777505e-03
1.824153550994096068e-02 2.309289790442206960e-02 5.773995776659203438e-02 8.461361989204558842e-01 1.662792840951745135e-02 2.284831370463086611e-02 7.056144304077709498e-03 8.257023504764374883e-03
1.796053530988709832e-02 2.325318680409044908e-02 5.439678506742861436e-02 8.502157966204624273e-01 1.661086940956607236e-02 2.224261300707875907e-02 7.035305204069734579e-03 8.284908604763373610e-03
1.679305770946919532e-02 2.307364500491061385e-02 5.076372426946905436e-02 8.572962649222848341e-01 1.595476700918518551e-02 2.108646181154690685e-02 6.985787704062736310e-03 8.046291604699676303e-03
1.665931570962727454e-02 2.374535920286127699e-02 4.884821337035781530e-02 8.588427149212967127e-01 1.602104570935364292e-02 2.090724591200099000e-02 6.978686804057066158e-03 7.997418404724900357e-03
1.636428890940028885e-02 2.372657220303928810e-02 4.574559007278745926e-02 8.632571219252334060e-01 1.543591730903292984e-02 2.055806041181815202e-02 6.962621104041507615e-03 7.949828104689707353e-03
1.669095520940443514e-02 2.431708650131061619e-02 4.371669807453511247e-02 8.649121415268875568e-01 1.530603360901571300e-02 2.020278661174615062e-02 6.920067404017305086e-03 7.934231104680056212e-03
1.658079790961251854e-02 2.461162360035235377e-02 4.139833227672184285e-02 8.668905473259684857e-01 1.552232160905555637e-02 2.013603551179313916e-02 6.939734604025627612e-03 7.920607204666941029e-03
1.636907960920147218e-02 2.517726509925278730e-02 3.979564907798441298e-02 8.686941535274451676e-01 1.516265140892179147e-02 1.993179711154810518e-02 6.943994904033685793e-03 7.925409304669150598e-03
1.621061430915131732e-02 2.573605709764388919e-02 3.823537257861357730e-02 8.700975044291020533e-01 1.525684120899392128e-02 1.961187291156486073e-02 6.948476204050265705e-03 7.903261304662290154e-03
1.588382240935898304e-02 2.639614799596063863e-02 3.707544897982855553e-02 8.708579152295871095e-01 1.531757140898629826e-02 1.963403191158543878e-02 6.920748004027531784e-03 7.914314104665871874e-03
1.582248390925872911e-02 2.705026919397884519e-02 3.541695098232094940e-02 8.725615424313267754e-01 1.500923900882164021e-02 1.931311261141645252e-02 6.927998904025409535e-03 7.898403004651112849e-03
1.565741300925837381e-02 2.753924629341366129e-02 3.383227618378793072e-02 8.736196003295999546e-01 1.519748580910025570e-02 1.934068981148802033e-02 6.957800904055034055e-03 7.855487704630277276e-03
1.593551090932431025e-02 2.846491639149440964e-02 3.287318998467454734e-02 8.737691152301488851e-01 1.485878110881801162e-02 1.932529641144187932e-02 6.900559104014574417e-03 7.872630904645122954e-03
1.603196240937035735e-02 2.927899749048004999e-02 3.172206478698090526e-02 8.741629446295461348e-01 1.483329360881714860e-02 1.918319061135219730e-02 6.911184704025125428e-03 7.876361804645902118e-03
1.574980500934938452e-02 2.997253378908901547e-02 3.064962228849221065e-02 8.747570133320196062e-01 1.501892040885381696e-02 1.909089191133295921e-02 6.905699104016995056e-03 7.855514204635274944e-03
1.568990910921180468e-02 3.108984478712134916e-02 2.956557188984484941e-02 8.750371710305504536e-01 1.475289690874634525e-02 1.909504561135565506e-02 6.908319804017081650e-03 7.861240904642288405e-03
1.544914030914998175e-02 3.178395708643236978e-02 2.880212049136303409e-02 8.754966545294144975e-01 1.478751780878471977e-02 1.893870391123690308e-02 6.915985004028483638e-03 7.825920904620909530e-03
1.564295130915810406e-02 3.344364478369888510e-02 2.795711819332921330e-02 8.747031889302518959e-01 1.474992570875954291e-02 1.878950171117290541e-02 6.900415004010233139e-03 7.813254404605366951e-03
1.565176070919121684e-02 3.486467228175319649e-02 2.715505429440015495e-02 8.740013817299358001e-01 1.472516340871730424e-02 1.888722931124925744e-02 6.910235604021394348e-03 7.804502704598629062e-03
1.568455650912922369e-02 3.558204758158487607e-02 2.630521369656630901e-02 8.742337567298974488e-01 1.467061110875241513e-02 1.878188761119847089e-02 6.896135704010123921e-03 7.845791104638491845e-03
1.579648440924185868e-02 3.746630687969931817e-02 2.564459399814292620e-02 8.730139932298429661e-01 1.466276850872235207e-02 1.868620461116668810e-02 6.900935604004281021e-03 7.828712804622540294e-03
1.602644130928227231e-02 3.913142787774136905e-02 2.509361309972257814e-02 8.717935325304471128e-01 1.461519830871887797e-02 1.863644261113923256e-02 6.890655304001916392e-03 7.812689004610287244e-03
3.321417768418975791e-02 3.351521548371869802e-02 4.427714707083226786e-01 4.446913774088444571e-01 1.387853110825225736e-02 1.733972981039753891e-02 6.842705803971594301e-03 7.746792004567001899e-03
3.487147278232156228e-02 3.463364418262953465e-02 4.414995064074566100e-01 4.431658655095187527e-01 1.383346460823096404e-02 1.739585361046226339e-02 6.843855203971764209e-03 7.756337704567023081e-03
3.603053338066929123e-02 3.608789868085011260e-02 4.358343269080872107e-01 4.462482551093374106e-01 1.380400120824018528e-02 1.739853661040897601e-02 6.867710403994524426e-03 7.728737704560059013e-03
3.770626077962193484e-02 3.782303687926669156e-02 4.353319223084078926e-01 4.434382071083136090e-01 1.383445470824849061e-02 1.731135511041641609e-02 6.836507903971195121e-03 7.718255204542769261e-03
3.970971807795231623e-02 3.982387037760021925e-02 4.361709925088376738e-01 4.385257691091541399e-01 1.383988060823965194e-02 1.734941341045044549e-02 6.846873303973232718e-03 7.733482604553781892e-03
4.164706427627468815e-02 4.165430377668277034e-02 4.338788886099000930e-01 4.370499414088860890e-01 1.382261150827065153e-02 1.736472321042929409e-02 6.844315603978712650e-03 7.738151604557153874e-03
4.347251747461099852e-02 4.382754167428930953e-02 4.348216218096313535e-01 4.320910113078618719e-01 1.381922380823887367e-02 1.735991341047688624e-02 6.836253503963613497e-03 7.771917004580491950e-03
4.611102367188953111e-02 4.606255347189230215e-02 4.312251957088823473e-01 4.307750194080607331e-01 1.386307540827668577e-02 1.737052721042409500e-02 6.833202403960799733e-03 7.759402704572650536e-03
4.894611687015919949e-02 4.885275286955551022e-02 4.302856470078766926e-01 4.261687169079927950e-01 1.382632370824347749e-02 1.734512511042756583e-02 6.853929103978514958e-03 7.721388404552373408e-03
5.149915726810514599e-02 5.129712396840885313e-02 4.253780744087415355e-01 4.259667911082148373e-01 1.390545230831426865e-02 1.736079151042717664e-02 6.851130203979652160e-03 7.741479204561030336e-03
5.469437706701563845e-02 5.470802346713874581e-02 4.262359038084042595e-01 4.184734130090785875e-01 1.391315680829569544e-02 1.732492651043460868e-02 6.870734603999770207e-03 7.779464704592119716e-03
5.799868156523731860e-02 5.840697316510779641e-02 4.181106749080038543e-01 4.196365185093848260e-01 1.387573360827695779e-02 1.737097821045031215e-02 6.851296803987627984e-03 7.749143204566517375e-03
6.324677906453889109e-02 6.277061306407241692e-02 4.125294126085630175e-01 4.154970773075823964e-01 1.391310820829119374e-02 1.739969421045914691e-02 6.876879103999444277e-03 7.766436404579457435e-03
6.659849916355700672e-02 6.768965996323129952e-02 4.100241971088810500e-01 4.100362174081157995e-01 1.380673560825989785e-02 1.727365251036518459e-02 6.839882403969647917e-03 7.731155804559550898e-03
7.312405456305731688e-02 7.355309356310055224e-02 4.055334265084144518e-01 4.020778464080944636e-01 1.386408480827329252e-02 1.726637881037864503e-02 6.841829503974815666e-03 7.739285804557799985e-03
8.012299366274110157e-02 7.973312296285697820e-02 3.969688464089300428e-01 3.973592805084308899e-01 1.391676400829443272e-02 1.728920061035694317e-02 6.879223504004896260e-03 7.730568304551798005e-03
8.726032106031073043e-02 8.799981535981649117e-02 3.899136286083740854e-01 3.889734875071379494e-01 1.384761800824857100e-02 1.740992581047577994e-02 6.864717703989112012e-03 7.730485904554850775e-03
9.572114495732753081e-02 9.624212125761363867e-02 3.857049287075040578e-01 3.765343844076638469e-01 1.387710520828338255e-02 1.732999331043859337e-02 6.846660703969557199e-03 7.743661404569559918e-03
1.078410225546985179e-01 1.072452978556120567e-01 3.660050873079119804e-01 3.732440312069960631e-01 1.387073860826678294e-02 1.724241931037590742e-02 6.831310503968912769e-03 7.720092604548531474e-03
1.196364139534687038e-01 1.182641553542465584e-01 3.562422989078599112e-01 3.601234468079180795e-01 1.383660000824328898e-02 1.729708831039999603e-02 6.855183003989556018e-03 7.744813604576445895e-03
1.328804199536627317e-01 1.334099940531163764e-01 3.481026739082417887e-01 3.399004486077173981e-01 1.387067900828168644e-02 1.724272761034962090e-02 6.871231603992025011e-03 7.721825204561942775e-03
1.513128835541849571e-01 1.494721402551560663e-01 3.242830918079924740e-01 3.295548899066457205e-01 1.373009530819885825e-02 1.710427941027073059e-02 6.845319903973560820e-03 7.697299804538954883e-03
1.679333311553490860e-01 1.708054395589845287e-01 3.078517934071372530e-01 3.080243337052665509e-01 1.380909290823822445e-02 1.703722851025954443e-02 6.862538803990367829e-03 7.676241904518581877e-03
1.902995742728330331e-01 1.912162008727909535e-01 2.894823404058116667e-01 2.837328173028145772e-01 1.376384680822867641e-02 1.695539411020542328e-02 6.845057003978641079e-03 7.704769204547763477e-03
2.157286979865450094e-01 2.222772439895558394e-01 2.587387594999434048e-01 2.580713552992673354e-01 1.382107510824307807e-02 1.682716751015785051e-02 6.852593003984461771e-03 7.683107604525406947e-03
1.801401215668084477e-01 1.764822433641997090e-01 3.013526906061235189e-01 2.981218399033968569e-01 1.395987510831926508e-02 1.578402180944107544e-02 6.840116303966304635e-03 7.319091304278255161e-03
