1.584548405133056892e-01 7.390726398789668194e-02 5.172244049152618928e-02 2.180052425176945974e-01 1.588226470129673884e-01 7.338062398786235341e-02 5.162383299170838352e-02 2.140831085173295345e-01
1.263230975084494445e-01 6.348920748861063001e-02 6.205750648959484222e-02 4.692953595045973869e-01 1.454413625115140440e-01 7.302240848786717420e-02 1.456584400301084818e-02 4.580521399213046546e-02
1.294353930084501669e-01 6.452669248869681573e-02 6.034622748985211255e-02 4.781780335073387844e-01 1.394119205113936721e-01 7.088532848808429265e-02 1.423261300294201281e-02 4.298379149330607690e-02
1.301718620097893908e-01 6.594916698857164472e-02 5.840031499012370703e-02 4.904256565128650713e-01 1.336542695091876287e-01 6.739555698847948806e-02 1.370154550281534045e-02 4.030162749421091484e-02
1.282173110079471712e-01 6.701225248864371709e-02 5.662172949061830551e-02 4.967398260143556232e-01 1.330125835096552800e-01 6.537611798871846569e-02 1.359561850284066696e-02 3.942456099425605681e-02
1.297886060085705895e-01 6.940201598813885986e-02 5.495747249094521530e-02 5.008304530149044753e-01 1.303686775089581973e-01 6.376042848904107940e-02 1.330708950267847114e-02 3.758525699488978605e-02
1.325424475089011234e-01 7.053947898814393047e-02 5.323596049134277780e-02 5.119077485205451028e-01 1.232012420079886539e-01 6.132360598936328899e-02 1.277086100260858489e-02 3.447865549567691312e-02
1.311291905095267885e-01 7.181636398793370124e-02 5.149572049173949118e-02 5.189368145238278940e-01 1.210314730069087796e-01 5.950321048962067122e-02 1.256564250257441798e-02 3.352158449584678734e-02
1.316916415082479974e-01 7.200020798806325284e-02 4.952029999224374923e-02 5.254528730241534440e-01 1.196535940063850056e-01 5.768061848990977541e-02 1.224055100249795552e-02 3.176021399698884112e-02
1.351958665100723156e-01 7.386702498768356329e-02 4.781271299270054009e-02 5.311780845281446339e-01 1.137872490046143020e-01 5.576415699030711631e-02 1.197380900234970048e-02 3.042109599714836257e-02
1.355637505103269858e-01 7.603972048723250943e-02 4.663423099304049579e-02 5.345361585295548279e-01 1.121795865033415329e-01 5.445148149057532638e-02 1.165995750225331216e-02 2.893511399815543866e-02
1.386367410107374465e-01 7.972033448717723292e-02 4.549118849356957595e-02 5.348432505293727601e-01 1.090970555029183858e-01 5.276201399113069485e-02 1.152515450221081907e-02 2.792426149869390792e-02
1.388359730088967181e-01 8.048225498724753679e-02 4.395091149397828412e-02 5.375826095299264251e-01 1.094704365040849864e-01 5.164556149139998276e-02 1.134324750217621455e-02 2.668900549930351696e-02
1.410861830108681159e-01 8.132463898726725871e-02 4.256776049448118826e-02 5.434115810332879049e-01 1.047173525006395572e-01 4.985876799184448677e-02 1.097103850203764476e-02 2.606267749985307844e-02
1.379159840105131374e-01 8.525285798819023930e-02 4.178486449489828003e-02 5.489882485351055275e-01 1.018344684989864884e-01 4.850042149226418964e-02 1.091767700203504117e-02 2.480547800065064507e-02
1.421025135108708870e-01 8.779729499030720918e-02 4.042619249516817004e-02 5.472710850333614152e-01 1.004535619983566302e-01 4.735058249245546746e-02 1.070678150197178907e-02 2.389198800116606666e-02
1.430220940107777283e-01 9.021215699173498748e-02 3.936899599535152033e-02 5.474763115343841413e-01 9.991692899737997235e-02 4.664900349281131398e-02 1.059439350192319454e-02 2.276011550239851258e-02
1.427786310116249124e-01 9.320402249414075357e-02 3.850514649554850899e-02 5.499948370364184935e-01 9.839609949691230373e-02 4.511296149338438199e-02 1.024065450178333024e-02 2.176764750329577766e-02
1.475941855122770430e-01 9.608368949573439788e-02 3.745978999577200680e-02 5.479485970356117175e-01 9.555731549517645917e-02 4.409796899382164431e-02 1.017917450176980890e-02 2.107927900385324002e-02
1.461214265115895472e-01 9.770123899628600783e-02 3.644681299609612429e-02 5.512215780359221995e-01 9.437332099439688093e-02 4.336957099395293697e-02 1.021412650179998570e-02 2.055192500389892846e-02
1.523698085123502965e-01 1.038917829992169473e-01 3.597702499615852006e-02 5.414958810317902493e-01 9.320620649375245537e-02 4.298864999414934995e-02 1.006977850174560832e-02 2.000086750387116211e-02
1.539944975124662441e-01 1.078635040007215606e-01 3.459468799664953270e-02 5.440604495331611279e-01 9.007325999139399741e-02 4.123780949481461316e-02 9.825997501652739691e-03 1.834979400368785818e-02
1.550387700123626866e-01 1.106417320022920342e-01 3.412730899675774088e-02 5.430055035336426306e-01 8.843482699004305558e-02 4.052227799491169707e-02 9.752987001696258873e-03 1.847659350378512075e-02
1.561433755128503464e-01 1.159843385040036090e-01 3.352535349690232563e-02 5.397220360318816246e-01 8.780770499038638432e-02 3.957405399507187005e-02 9.557022001622644813e-03 1.768611550357578402e-02
1.583473430129976600e-01 1.193103755052595388e-01 3.251624599726319481e-02 5.350394155286564146e-01 8.875060149088546957e-02 3.915535249512595850e-02 9.471271501588569147e-03 1.740939450363002475e-02
5.284089099118409460e-02 5.282665799118198280e-02 3.989148399941926937e-01 4.028205614927083400e-01 4.998636849146280425e-02 2.432667300124784909e-02 7.861287000932446617e-03 1.042272100180261819e-02
5.617085999055943663e-02 5.632493349051695408e-02 3.926745469941121391e-01 4.006099349925151265e-01 5.122448549108928745e-02 2.445277000111257745e-02 7.849923500926723682e-03 1.069254550195391541e-02
5.927185198999027071e-02 5.883887699000298066e-02 3.939665059946402259e-01 3.941489359931291125e-01 5.106398999084378609e-02 2.442007850116276191e-02 7.850019500962604480e-03 1.043974100181950873e-02
6.294512148928270434e-02 6.349775198923642006e-02 3.909242469932224795e-01 3.885389074927649844e-01 5.100565899114449520e-02 2.450752050110554733e-02 7.857795500944519257e-03 1.072299700191305973e-02
6.719153598904750724e-02 6.787345598879107600e-02 3.836010604931285872e-01 3.884857779923424070e-01 5.036844299131755520e-02 2.434279300119705433e-02 7.776143500894161335e-03 1.036079000179176285e-02
7.170077798842137973e-02 7.091716298825379017e-02 3.825550369934853090e-01 3.819558099923865413e-01 5.042044749108431229e-02 2.426969500135307822e-02 7.802319500929587141e-03 1.037875000182534972e-02
7.479925448817467681e-02 7.617912748802789513e-02 3.792969614933775491e-01 3.763514014929021934e-01 5.110309449130747556e-02 2.422326550141368912e-02 7.762276500901999811e-03 1.028461850183119523e-02
7.934255148810562264e-02 8.024711198785369759e-02 3.727698904933125501e-01 3.746551309940193697e-01 5.062688699132857073e-02 2.425881450133461625e-02 7.760381500903430936e-03 1.033923200179535234e-02
8.485604298840228321e-02 8.590339298893891196e-02 3.669261774948541777e-01 3.672138034942843965e-01 5.305149199032815205e-02 2.402744650153302089e-02 7.771639000892507747e-03 1.025000550179153494e-02
9.088853049228923231e-02 9.042519249212276067e-02 3.641790774948062692e-01 3.628868179946567740e-01 4.954211849161514747e-02 2.402377550141463619e-02 7.756148500897746927e-03 1.029833900183049940e-02
9.630280949557126768e-02 9.654317649553482983e-02 3.582249724944945313e-01 3.556324909955429492e-01 5.122931699068065947e-02 2.409615500135629113e-02 7.790659000909264109e-03 1.018041950181575173e-02
1.030110869990727152e-01 1.026230704990697823e-01 3.518564914959588785e-01 3.508158409969797664e-01 5.014076499123258646e-02 2.365260500170348820e-02 7.748909000901586970e-03 1.015123100176479158e-02
1.081906200009833396e-01 1.089263770014379379e-01 3.433304279970119111e-01 3.477114374964843657e-01 5.004718949126302913e-02 2.382606600164391408e-02 7.798158000916211030e-03 1.016972400174193276e-02
1.185827780051889463e-01 1.162423840036415357e-01 3.358096669989935057e-01 3.377502669985566475e-01 5.017444549100288920e-02 2.373092700166305052e-02 7.718550500883194533e-03 9.990981001687415305e-03
1.234546860061942197e-01 1.233060070058106944e-01 3.305780330004945977e-01 3.305771499998592655e-01 5.066846249153834914e-02 2.360634050171160972e-02 7.697930500856318622e-03 1.011139050172515930e-02
1.329200975085921554e-01 1.312268870081363115e-01 3.230782305016458578e-01 3.197530070021315507e-01 5.181905749079954854e-02 2.359036300179423451e-02 7.737686500889198737e-03 9.874671001613407120e-03
1.396986705092498615e-01 1.400519855093503019e-01 3.137515535040300008e-01 3.155288060027149344e-01 5.021434149151425552e-02 2.326442100204970109e-02 7.686962000843457557e-03 9.803260001675202784e-03
1.494045190108582444e-01 1.477228150111144223e-01 3.078121200045089156e-01 3.042050355050414656e-01 5.016399699142497920e-02 2.321497750211212394e-02 7.663990000842535975e-03 9.812546001606328033e-03
1.585890175117408984e-01 1.572065510113614117e-01 2.972091030066648099e-01 2.948724835074581496e-01 5.159382099097953311e-02 2.308198400217398652e-02 7.667767500864193682e-03 9.779272501667156045e-03
1.682289665126160960e-01 1.666478785124179962e-01 2.881327575084820514e-01 2.856591605083539931e-01 5.078204999135277342e-02 2.298263550226088692e-02 7.747851000900803781e-03 9.818700501629465047e-03
1.771419835136940069e-01 1.754044135140830907e-01 2.786789135091154446e-01 2.791003235097764268e-01 4.973417549110425301e-02 2.265068450253479235e-02 7.668603500854209200e-03 9.620902501634968559e-03
1.851035595142048185e-01 1.871025755154193948e-01 2.688359660115065553e-01 2.685869470109888413e-01 5.042078499115305867e-02 2.266599650253730419e-02 7.662179000837366499e-03 9.621991501619915621e-03
1.956367035150513023e-01 1.997627045154370118e-01 2.584717670123126698e-01 2.565172860127353238e-01 4.989256799165719264e-02 2.243617200267443088e-02 7.610829000828070630e-03 9.671970001608055922e-03
2.053154230154404791e-01 2.074522630160803016e-01 2.487118630135241593e-01 2.494507620139186366e-01 4.994293349144858507e-02 2.209727400298553204e-02 7.646683000832540239e-03 9.382798501526873336e-03
2.174718320158126883e-01 2.180558270155443512e-01 2.378376395142936806e-01 2.369655695139112617e-01 5.057402099138283424e-02 2.202920300306124637e-02 7.597391000809598262e-03 9.468517001572364714e-03
1.872778095145158361e-01 1.845814605141027354e-01 2.603806105131211690e-01 2.577200580132539831e-01 6.130606798930952200e-02 2.700269349956209777e-02 8.694418501321981088e-03 1.303688150274287701e-02
