1.281214619924836984e-01 1.207438739923118176e-01 1.233940119923847001e-01 1.285188619925392850e-01 1.271271749923844341e-01 1.200648519923991908e-01 1.236676969922949898e-01 1.283620659926561769e-01
1.278448829923390373e-01 1.207444839925466695e-01 1.238493159923600012e-01 1.286966809924963429e-01 1.274244749923433007e-01 1.201034479922941378e-01 1.224350089923786217e-01 1.289017039924448826e-01
1.286269099924324533e-01 1.201715849924018392e-01 1.217566489925116513e-01 1.287756799922989692e-01 1.288279579924123397e-01 1.201670649923480549e-01 1.235014479923680769e-01 1.281727049924606676e-01
1.290095529923644402e-01 1.203410859923852577e-01 1.228694469923218152e-01 1.285602549924555471e-01 1.284986749925010885e-01 1.202598459923014534e-01 1.230766919922723218e-01 1.273844459924371730e-01
1.284856919924744489e-01 1.201835909923456291e-01 1.229234299924120838e-01 1.283283879924038418e-01 1.283138269923271846e-01 1.203276839924337649e-01 1.232116379924431682e-01 1.282257499922464516e-01
1.290583959925420965e-01 1.207677349924075050e-01 1.229560899924525830e-01 1.278881769924242184e-01 1.279835859924703667e-01 1.209795379923304104e-01 1.223884869922386154e-01 1.279779909924929904e-01
1.289726039924237178e-01 1.206759579925204690e-01 1.219905809923231832e-01 1.288052239925077669e-01 1.287304099925226097e-01 1.212700779922072092e-01 1.223385759924411897e-01 1.272165689923472620e-01
1.285121949925113749e-01 1.212570779923656805e-01 1.213495599922817247e-01 1.283519089922713352e-01 1.284959769924176043e-01 1.211411229924453381e-01 1.221069289924051615e-01 1.287852289923696880e-01
1.284458849924634827e-01 1.212653889923872852e-01 1.221057389924008058e-01 1.284091279923676443e-01 1.276059439923165617e-01 1.220088409922832073e-01 1.220132819923099854e-01 1.281457919925179656e-01
1.276337129924058622e-01 1.216790089924633667e-01 1.218607039923814694e-01 1.286635239924189544e-01 1.292268509925603159e-01 1.209999689923685201e-01 1.218525069922810761e-01 1.280837229923754150e-01
1.283938489923575066e-01 1.224047639923259989e-01 1.206706679925626524e-01 1.280695069923917795e-01 1.281502689922980331e-01 1.218032819924155935e-01 1.219036829922510723e-01 1.286039779925222393e-01
1.282651429923515329e-01 1.215321709924183230e-01 1.220811549923638967e-01 1.287709969924669406e-01 1.273603619923897035e-01 1.213604079922503270e-01 1.214484129923666111e-01 1.291813509922790648e-01
1.289620239924446632e-01 1.217425499922222404e-01 1.215383609924470670e-01 1.283151089923497412e-01 1.284745529925787610e-01 1.226666439924233160e-01 1.210281979923004819e-01 1.272725609921699641e-01
1.288199189926272359e-01 1.227880139922601921e-01 1.207754969923242883e-01 1.280173329924348125e-01 1.284454589924371448e-01 1.226193149922851638e-01 1.202401239922940152e-01 1.282943389922403810e-01
1.276184899923607230e-01 1.230749109923308104e-01 1.210032579923546736e-01 1.284760379925071194e-01 1.283712289923231165e-01 1.223857099924320485e-01 1.213418169924234402e-01 1.277285469922882222e-01
1.285143599922221602e-01 1.235766019923191933e-01 1.203715419924862445e-01 1.275548179925033443e-01 1.283914149926184134e-01 1.227637299924042857e-01 1.206220909924796830e-01 1.282054419924825439e-01
1.285148419923569652e-01 1.227450019923722324e-01 1.201323419922843555e-01 1.277416329923767857e-01 1.282193769925025206e-01 1.231889649923761237e-01 1.217183899923780788e-01 1.277394489925636756e-01
1.272410889925730815e-01 1.236703529925075318e-01 1.203703969922663153e-01 1.272731509924820148e-01 1.295746889922629319e-01 1.235827129924742668e-01 1.198029819922956096e-01 1.284846259922900191e-01
1.278505389924769198e-01 1.236523879923527441e-01 1.206359149924007834e-01 1.270535489924215500e-01 1.285307009924653299e-01 1.234434979922934689e-01 1.203473109922727075e-01 1.284860989923802821e-01
1.287542659923414101e-01 1.239481939923147147e-01 1.197167579923410913e-01 1.277719059925063461e-01 1.276335299923996858e-01 1.233938359923975048e-01 1.204027759923193414e-01 1.283787339924619408e-01
1.284337929923630717e-01 1.231832069924014422e-01 1.196800019922785452e-01 1.275177999923864935e-01 1.283874089924765260e-01 1.242588559923772373e-01 1.202575139924864644e-01 1.282814189924629533e-01
1.282473499922318627e-01 1.230583489923253587e-01 1.193074779925241552e-01 1.286475259924345915e-01 1.274762649922944191e-01 1.245717039923452535e-01 1.194774249923042791e-01 1.292139029926786253e-01
1.289987529924717657e-01 1.237836519923406348e-01 1.192168729924468762e-01 1.289202609925718945e-01 1.279032939922208068e-01 1.242932489923697092e-01 1.196052899924113788e-01 1.272786279924840724e-01
1.278958419924179635e-01 1.242419049923643992e-01 1.191385139922686437e-01 1.282212639923142328e-01 1.284170849925680147e-01 1.244503239923812205e-01 1.190890719922806096e-01 1.285459939925611694e-01
1.278269159924859122e-01 1.241838509923111900e-01 1.193738939923236902e-01 1.287969789924748032e-01 1.292278259923770045e-01 1.242253169924221329e-01 1.186295849925106394e-01 1.277356319925658790e-01
1.279700849923454398e-01 1.247717819924590577e-01 1.178796679923098389e-01 1.286892119924061828e-01 1.282863369923171182e-01 1.250606069923587416e-01 1.189636809925238986e-01 1.283786279923852525e-01
1.283593509923792730e-01 1.249236269923561793e-01 1.184902199925005478e-01 1.282817999923852037e-01 1.279159529925037175e-01 1.246062449923113769e-01 1.198452809923832851e-01 1.275775229926155441e-01
1.271679419923114063e-01 1.257432509921089514e-01 1.177495919925034829e-01 1.287939659926873315e-01 1.285957229923895273e-01 1.255235279922363445e-01 1.186305819924826921e-01 1.277954159924126476e-01
1.276258519924919344e-01 1.251428079924373216e-01 1.174943539925579900e-01 1.281998389924181025e-01 1.287101989923607193e-01 1.260039839922434679e-01 1.180669139924415828e-01 1.287560499923952051e-01
1.278832669922826681e-01 1.255700329924176739e-01 1.178839339924004914e-01 1.284506329924076928e-01 1.281658419925665593e-01 1.262990729923828825e-01 1.169492089923920980e-01 1.287980089923350113e-01
1.286010829923824317e-01 1.260664179922469652e-01 1.180747289922791515e-01 1.290496789925282273e-01 1.276079979924699126e-01 1.260218809923338013e-01 1.174471399924841702e-01 1.271310719923456622e-01
1.282927669924749381e-01 1.257649519922064696e-01 1.174403849925038934e-01 1.286799669924389711e-01 1.290874509922692037e-01 1.252976639924403002e-01 1.171320469923753521e-01 1.283047669925516943e-01
1.290277589922597667e-01 1.260586789923385242e-01 1.178295129924270684e-01 1.273599649926157040e-01 1.278140069922743260e-01 1.268237659922318572e-01 1.168020329924350370e-01 1.282842779924378285e-01
1.284319089922590917e-01 1.266081499922936116e-01 1.172544019923734138e-01 1.286673989923417805e-01 1.275925369925910713e-01 1.266948179923599593e-01 1.165074809924728366e-01 1.282433039925292007e-01
1.291659079925481790e-01 1.273032909923907940e-01 1.164535789923506204e-01 1.280316379925139914e-01 1.283444779923150203e-01 1.264061279924057479e-01 1.169364569923260488e-01 1.273585209923550898e-01
1.287549069923451805e-01 1.269370399923870907e-01 1.167613089924538078e-01 1.276572349923663086e-01 1.286613219925768492e-01 1.266545329922217356e-01 1.154939109925254420e-01 1.290797429922692918e-01
1.290289219924537489e-01 1.269072819922691664e-01 1.162601439926077979e-01 1.267701019924995787e-01 1.284856449925652067e-01 1.262900819923001294e-01 1.178895419924318733e-01 1.283682809922611912e-01
1.289605599924087409e-01 1.264896409923139120e-01 1.159331159924677640e-01 1.286669659924039866e-01 1.278023709924765994e-01 1.275338719924614672e-01 1.165672299924107591e-01 1.280462439923171214e-01
1.292252069924943181e-01 1.264775719923354746e-01 1.164956779923754376e-01 1.288226069922400463e-01 1.279991699925338011e-01 1.267997419923262981e-01 1.160016389923829438e-01 1.281783849924850449e-01
1.278938429924147968e-01 1.266150089925988931e-01 1.158188549924086264e-01 1.286900219924917432e-01 1.277007929922220897e-01 1.274954839921989547e-01 1.166201019924742732e-01 1.291658919924344173e-01
1.284833759925635976e-01 1.281824829923557951e-01 1.155281659923803467e-01 1.286194269923168487e-01 1.279842319923972238e-01 1.269755609924116124e-01 1.153190869924947820e-01 1.289076679924890667e-01
1.283639629924193115e-01 1.274431129923250805e-01 1.154336899924812837e-01 1.286759249922980186e-01 1.290846719925283492e-01 1.276591539923554730e-01 1.155623189923761923e-01 1.277771639923401814e-01
1.284461819923882475e-01 1.293187169923946944e-01 1.154024769923900212e-01 1.280209349926331175e-01 1.283883339924238864e-01 1.281421619922573918e-01 1.141360099924569882e-01 1.281451829925505104e-01
1.280387269925343519e-01 1.291642629923397401e-01 1.151430709924250867e-01 1.278205039923895614e-01 1.278551659924968831e-01 1.288113169921980272e-01 1.145289159924210293e-01 1.286380359924947370e-01
1.276703589923030846e-01 1.281829279922406806e-01 1.144683159924872046e-01 1.287590469924717318e-01 1.278136169923471122e-01 1.298302609923757123e-01 1.147477739924766815e-01 1.285276979923206664e-01
1.282230279923514404e-01 1.284227499922569737e-01 1.147730149925617338e-01 1.289478119924932220e-01 1.280621279923981337e-01 1.295972409924643354e-01 1.151245239923244373e-01 1.268495019922962208e-01
1.282569509923494055e-01 1.292247339923086880e-01 1.142584709925599518e-01 1.284611299924623695e-01 1.278179149924130176e-01 1.292261249923152833e-01 1.148472089924765377e-01 1.279074649925998619e-01
1.276658969923517573e-01 1.296334049923484888e-01 1.141549759924353896e-01 1.275671169924193216e-01 1.277193079924571761e-01 1.296767169924805951e-01 1.153749869924272919e-01 1.282075929924662017e-01
1.286679729925624127e-01 1.291558559924244620e-01 1.138588989924660261e-01 1.284979669924468382e-01 1.278545979921766607e-01 1.288763389922760738e-01 1.151162969924858087e-01 1.279720709925575017e-01
1.284062279924067518e-01 1.289366259923539482e-01 1.148628309925020241e-01 1.285260899924455802e-01 1.276083959924938227e-01 1.306250949924361027e-01 1.132797669923797795e-01 1.277549669923258580e-01
1.243973649923158092e-01 1.250817889923546700e-01 1.258963879922768425e-01 1.258111929922221817e-01 1.248479049924487855e-01 1.245658239925561822e-01 1.247152319923379299e-01 1.246843039924259294e-01
1.284924509923057179e-01 1.240460649923847830e-01 1.243490879925796960e-01 1.342122629925479871e-01 1.283941659924676681e-01 1.202102579924924919e-01 1.178260299923815785e-01 1.224696789923960388e-01
1.284559139923419635e-01 1.242302459923918106e-01 1.248418599923088596e-01 1.332105379925591082e-01 1.282069909924249129e-01 1.206028619924174317e-01 1.170948239924684553e-01 1.233567649925632614e-01
1.286670429924123837e-01 1.237338689925117641e-01 1.234323619923801546e-01 1.331730679925273997e-01 1.283064019923511045e-01 1.215036089923670487e-01 1.180518649923799901e-01 1.231317819923454654e-01
1.291341209923785871e-01 1.239084689925755989e-01 1.243135309924680576e-01 1.341527639925998161e-01 1.284028089922615301e-01 1.202796689923581047e-01 1.175435119922983301e-01 1.222651249924265604e-01
1.289274399923371062e-01 1.250230639924196363e-01 1.241349919924295830e-01 1.323435809926414020e-01 1.287916959924690630e-01 1.211560269924172040e-01 1.172847769925726424e-01 1.223384229924742717e-01
1.292357349924825594e-01 1.243990259922391900e-01 1.235875219925133550e-01 1.325855169924321786e-01 1.288900249924116725e-01 1.211071609923655978e-01 1.169342099924160217e-01 1.232608039924745769e-01
1.279185449923797568e-01 1.242827509923012802e-01 1.236446249922934781e-01 1.329387119926936922e-01 1.281721729924875930e-01 1.212607799923065000e-01 1.176932559924119548e-01 1.240891579923363158e-01
1.299442929924598811e-01 1.244477369924375243e-01 1.225535939924814327e-01 1.330182889926733725e-01 1.285102219925132461e-01 1.218196069922328900e-01 1.166959389924159679e-01 1.230103189923358736e-01
1.281697139923764495e-01 1.244290319923900684e-01 1.230954559924740538e-01 1.329365729925686412e-01 1.287643049923348493e-01 1.218943459923582939e-01 1.173916939925042924e-01 1.233188799925011431e-01
1.285463679924204461e-01 1.246814929924199150e-01 1.230501839923171387e-01 1.325822639924356117e-01 1.290231219925130624e-01 1.228820939923443989e-01 1.165716489924685656e-01 1.226628259924699704e-01
1.278898389922720202e-01 1.249058579924054307e-01 1.224096009924037637e-01 1.324196509925799348e-01 1.283913189925507403e-01 1.219499689923404379e-01 1.175613929924631540e-01 1.244723699924436405e-01
1.287505489924883340e-01 1.239873379925157115e-01 1.224893469922652273e-01 1.334824849925621559e-01 1.274672689924050417e-01 1.228396859922338685e-01 1.170204529924611936e-01 1.239628729924321798e-01
1.278852269923376195e-01 1.250970079924759171e-01 1.225484439922929353e-01 1.328574969923933813e-01 1.280523829924336554e-01 1.230547599923150076e-01 1.161811389924937848e-01 1.243235419924239443e-01
1.280584999925444556e-01 1.250966539923565324e-01 1.220975609922378552e-01 1.324982359926110687e-01 1.286270229923003050e-01 1.234584229923798571e-01 1.163078659924474956e-01 1.238557369923977552e-01
1.279388989926185938e-01 1.249490469924040281e-01 1.209778879922758787e-01 1.315984949925251835e-01 1.291246849925318241e-01 1.238592329922467289e-01 1.167414759924730316e-01 1.248102769924160499e-01
1.294678539925004090e-01 1.255838939923096531e-01 1.209801279924237749e-01 1.320195559926996831e-01 1.280965239925258847e-01 1.232639419923080154e-01 1.168266309924229779e-01 1.237614709923370304e-01
1.281326659923721911e-01 1.255611129923662195e-01 1.209839849924182892e-01 1.316090369924994008e-01 1.283476369925504734e-01 1.236059569924386620e-01 1.168179549923485105e-01 1.249416499925201929e-01
1.274250749924933923e-01 1.262528559925037985e-01 1.210918399924296868e-01 1.328515439925662955e-01 1.286337269924812676e-01 1.240423509921433076e-01 1.154809309925108468e-01 1.242216759923627373e-01
1.283033029925051416e-01 1.252307779925453390e-01 1.201601869924162902e-01 1.321217859925237770e-01 1.279245159923750597e-01 1.249330249923822495e-01 1.164467449925168790e-01 1.248796599922998296e-01
1.284609099924276243e-01 1.269237079923800082e-01 1.202583639923447412e-01 1.317232499924940459e-01 1.282878489923222898e-01 1.233389979924023883e-01 1.153656869924100242e-01 1.256412339923876631e-01
1.277231039925120493e-01 1.265494959922903728e-01 1.204479649923383411e-01 1.310464349925360150e-01 1.279048269922992420e-01 1.255417629923037681e-01 1.162440529924681915e-01 1.245423569924184876e-01
1.292406159924453790e-01 1.264102289923082212e-01 1.194955059923001051e-01 1.318255449924762845e-01 1.290721839924610093e-01 1.244301089922660170e-01 1.149826829925430782e-01 1.245431279924881507e-01
1.281308389923111468e-01 1.253873049923755756e-01 1.207531609922016663e-01 1.315547019924970529e-01 1.283291649924740707e-01 1.245980399922847065e-01 1.151861959924440210e-01 1.260605919924789597e-01
1.285219579924563593e-01 1.267147989922646489e-01 1.195217389923220325e-01 1.311845669924870950e-01 1.281717929925536292e-01 1.252577939923462391e-01 1.163337259924723810e-01 1.242936239924116032e-01
1.271892129924181991e-01 1.277178749924355317e-01 1.188780799924904069e-01 1.303709569922644751e-01 1.292311119925501628e-01 1.253391949923994553e-01 1.156478009923605776e-01 1.256257669925368026e-01
1.291749089922436533e-01 1.267726909923817813e-01 1.198063649924177854e-01 1.314105289925339426e-01 1.275426129924022434e-01 1.257234079924033077e-01 1.150619339925308682e-01 1.245075509924612189e-01
1.289745379925690827e-01 1.269643059923508677e-01 1.184164279923409085e-01 1.301567439924627700e-01 1.278845649923650574e-01 1.264537769924316823e-01 1.156933059924122320e-01 1.254563359924068255e-01
1.286867509923665664e-01 1.259707849925209011e-01 1.197194879924210337e-01 1.308703619925947192e-01 1.281707759922576795e-01 1.254456979921455551e-01 1.151087469926637408e-01 1.260273929923632907e-01
1.280103529923678485e-01 1.274165579926445635e-01 1.177226849925817748e-01 1.300432299923726942e-01 1.294732669922533663e-01 1.268223779922348360e-01 1.142696609924761797e-01 1.262418679921569753e-01
1.279350659922888211e-01 1.277887789924890827e-01 1.191142469924474506e-01 1.310078959925818909e-01 1.276340329923293382e-01 1.260868039923578043e-01 1.152755849923079307e-01 1.251575899925970459e-01
1.275398539924756935e-01 1.269307729925405193e-01 1.177502539924414338e-01 1.303822809925016812e-01 1.283427909925022592e-01 1.279958669921838765e-01 1.151428589925913293e-01 1.259153209923889460e-01
1.282818449923417981e-01 1.275587139923393121e-01 1.179554539924413115e-01 1.307633419925529061e-01 1.273797889924803695e-01 1.274808649923594439e-01 1.142608899925377647e-01 1.263191009923441688e-01
1.281229459926058467e-01 1.283705159924167227e-01 1.183222189923336665e-01 1.301138269923718949e-01 1.275296149926333777e-01 1.269810389923383964e-01 1.140059569924839061e-01 1.265538809925451924e-01
1.271655579924190760e-01 1.284331689921800468e-01 1.179558069923529462e-01 1.293379259924513913e-01 1.277881709924190701e-01 1.273700999924357868e-01 1.148289209925035803e-01 1.271203479925029634e-01
1.275144119922148878e-01 1.278049259922910685e-01 1.175252379924269924e-01 1.299003169925722068e-01 1.289993269923340458e-01 1.275577689924348446e-01 1.147648819925448649e-01 1.259331289923905917e-01
1.284238379925066176e-01 1.271296439925636290e-01 1.176633589925363405e-01 1.301250249924779390e-01 1.283763109923782841e-01 1.284321699922880422e-01 1.132350789925719442e-01 1.266145739924736391e-01
1.283939839924695958e-01 1.272523949925725428e-01 1.171565679923581571e-01 1.294455469923488922e-01 1.292304469925658894e-01 1.279444659923582028e-01 1.139939959924577556e-01 1.265825969923677907e-01
1.285676159925746576e-01 1.278039099923525823e-01 1.162497149924585083e-01 1.295571269924149227e-01 1.278063269924475387e-01 1.288833009922544237e-01 1.151374049926170290e-01 1.259945989924109722e-01
1.285766949925128133e-01 1.274070439924223919e-01 1.168266309924920893e-01 1.294606569924990347e-01 1.285334889925318635e-01 1.284183909925180611e-01 1.148553039922581426e-01 1.259217889924953981e-01
1.279645309923948260e-01 1.281852079922922161e-01 1.166935439924036699e-01 1.301034339924670991e-01 1.279731239923072306e-01 1.283330909923015573e-01 1.130190069925128687e-01 1.277280609923109045e-01
1.285220839925304004e-01 1.284918069924123885e-01 1.157005179924456839e-01 1.295131869923151768e-01 1.280507489925125086e-01 1.287278349924776966e-01 1.139971889925472381e-01 1.269966309922880843e-01
1.279794149925379265e-01 1.291072709923929418e-01 1.162269179922854750e-01 1.288692579923599868e-01 1.282543719924398029e-01 1.289178539922945232e-01 1.138358219924877762e-01 1.268090899925120862e-01
1.292392309924629834e-01 1.284583949924706647e-01 1.158851359925321262e-01 1.290045919923835660e-01 1.284845499924410217e-01 1.288063759924711338e-01 1.132679329925291578e-01 1.268537869925034089e-01
1.289745229926098635e-01 1.279600769924809367e-01 1.159102969924794002e-01 1.282567669924121467e-01 1.286133149922734364e-01 1.278158089923799312e-01 1.141600679924554967e-01 1.283091439923762789e-01
1.281768169923518108e-01 1.280530599924170898e-01 1.157630809923791554e-01 1.290256399925016340e-01 1.284761659925721111e-01 1.296552389923906201e-01 1.134838869925230420e-01 1.273661099924418005e-01
1.279737859924117427e-01 1.283960409924170265e-01 1.157080739923836143e-01 1.278305269925011645e-01 1.285636209923871898e-01 1.300226199923756598e-01 1.132114479926345646e-01 1.282938829923356838e-01
1.285043359922814210e-01 1.286564549922933343e-01 1.152940969924512449e-01 1.291578139923506563e-01 1.282200719925570276e-01 1.287643879923284773e-01 1.135051409926043087e-01 1.278976969923156515e-01
1.284506429924245907e-01 1.296057379924707431e-01 1.148598009925337476e-01 1.281993279925086326e-01 1.282348319923347357e-01 1.306548649924282324e-01 1.121738129926068694e-01 1.278209799924613643e-01
1.262955539922943626e-01 1.273567729924283687e-01 1.270717949924549395e-01 1.271865369922208500e-01 1.269272029924529976e-01 1.277097049923958672e-01 1.112467019927203260e-01 1.262057309925522508e-01
1.265079029924617848e-01 1.265890159923797609e-01 1.273259359924614753e-01 1.263997459922814592e-01 1.269249329923911873e-01 1.281754689924079205e-01 1.121328129926160849e-01 1.259441839924827222e-01
1.000000000000000000e+00 1.000000000000000000e+00 1.000000000000000000e+00 1.000000000000000000e+00 1.000000000000000000e+00 1.000000000000000000e+00 1.000000000000000000e+00 1.000000000000000000e+00
1.280358769925076801e-01 1.244947089925171474e-01 1.246005859923584452e-01 1.337074489925240972e-01 1.287481959923157393e-01 1.202149949922992622e-01 1.175147959922551860e-01 1.226833919924957272e-01
1.280828989925081873e-01 1.237494269924692969e-01 1.241426169923815909e-01 1.338316569924388189e-01 1.284389629922101927e-01 1.212722209923248334e-01 1.169607159925344225e-01 1.235214999922865792e-01
1.282975779924527826e-01 1.245150329923592897e-01 1.237636769923737279e-01 1.337820379924757053e-01 1.284757559924868675e-01 1.206314719924104217e-01 1.176486449924005889e-01 1.228858009923982503e-01
1.287607499923156817e-01 1.237468799923809176e-01 1.237595549924666305e-01 1.344448299924700385e-01 1.278650749920813012e-01 1.207566469923874730e-01 1.181153169925002883e-01 1.225509459923256744e-01
1.282370269924733019e-01 1.239997879921666407e-01 1.236924769924734741e-01 1.330054699925137807e-01 1.281903339925892782e-01 1.212910249924505357e-01 1.184452089923997975e-01 1.231386699925348382e-01
1.281170509924264012e-01 1.251478109924734072e-01 1.230784299924596176e-01 1.337301059924079771e-01 1.274258179925676637e-01 1.216900659924776140e-01 1.176450679923348314e-01 1.231656499923404618e-01
1.278004919925327110e-01 1.250578459924382713e-01 1.237966419922942735e-01 1.335699099924133604e-01 1.281915069924308426e-01 1.211897839924320763e-01 1.174132769924136482e-01 1.229805419924269450e-01
1.292359549924874951e-01 1.254912729924711479e-01 1.217717329924620645e-01 1.335059629925028357e-01 1.281604949924770864e-01 1.216298339922511629e-01 1.170033439924258317e-01 1.232014029923119564e-01
1.286001389923681626e-01 1.251199609923118183e-01 1.224831329925143014e-01 1.320695469925822763e-01 1.287736279924020788e-01 1.223546859923537039e-01 1.172428679923803591e-01 1.233560379925662531e-01
1.282361109924239073e-01 1.261093849922094445e-01 1.222041639923540646e-01 1.325006529925863152e-01 1.281322439923786305e-01 1.215892129924436293e-01 1.166912829923631434e-01 1.245369469924506867e-01
1.283840699924375384e-01 1.244267179923995020e-01 1.233797339924057046e-01 1.328902619926318751e-01 1.282761719925500643e-01 1.222215969922451489e-01 1.171432989923177626e-01 1.232781479924742740e-01
1.281517469924779162e-01 1.261375259924512326e-01 1.219377179923150922e-01 1.330951129924621557e-01 1.287717509924368176e-01 1.228167829924735610e-01 1.159796959924822429e-01 1.231096659925596665e-01
1.285564459925136460e-01 1.250974539924060713e-01 1.222074839924778000e-01 1.324714029925957992e-01 1.277736979923069227e-01 1.236853659922780152e-01 1.153817659924413208e-01 1.248263829924623480e-01
1.277487459923542790e-01 1.258151379924265789e-01 1.225198489922834227e-01 1.325171179925522524e-01 1.287619529924430573e-01 1.220482179924987781e-01 1.168167879924028180e-01 1.237721899923118068e-01
1.287160549924560859e-01 1.253495219922719783e-01 1.210145289925523698e-01 1.321916699924172989e-01 1.284501959924640724e-01 1.236381229923728536e-01 1.166575239925199126e-01 1.239823809923455283e-01
1.282833719923418547e-01 1.261463599923660917e-01 1.204953639923801584e-01 1.328050329925052619e-01 1.290205669924227583e-01 1.227461929923892581e-01 1.160129249922812050e-01 1.244901859925299642e-01
1.288511389923481520e-01 1.251960029924902018e-01 1.212602499923369492e-01 1.319908289923941436e-01 1.280042559923900702e-01 1.233875609922846228e-01 1.165266449925057846e-01 1.247833169923937557e-01
1.277034629924816145e-01 1.267035789924259026e-01 1.215015359923163479e-01 1.312180349925395895e-01 1.279974709922893916e-01 1.237995119923678555e-01 1.158470939925103638e-01 1.252293099924086106e-01
1.294786919925876301e-01 1.272338319923012051e-01 1.207480059922619864e-01 1.324276489923237876e-01 1.279242189925671180e-01 1.238581989923531745e-01 1.146395199924962471e-01 1.236898829923955417e-01
1.289731529924691145e-01 1.257430619925938020e-01 1.211711039922429428e-01 1.315534549924096408e-01 1.282976129925084419e-01 1.232223479923286874e-01 1.145214669925511963e-01 1.265177979922754992e-01
1.288180709923577860e-01 1.263764449921619959e-01 1.193096839924477071e-01 1.320285069924566346e-01 1.284173419924685144e-01 1.241972879924367751e-01 1.159452419924559829e-01 1.249074209923894119e-01
1.286468129924332737e-01 1.269079519924862787e-01 1.200567599922681417e-01 1.306555599925540712e-01 1.282220919925896319e-01 1.244424939924411166e-01 1.160244959923415198e-01 1.250438329926257530e-01
1.277609539923596771e-01 1.264198079924086782e-01 1.212251729923013582e-01 1.303607909924551223e-01 1.281358139924901607e-01 1.261237609922557235e-01 1.152655969925790447e-01 1.247081019924625445e-01
1.280374559923836697e-01 1.268965159925542485e-01 1.189460679924449343e-01 1.310032989924785340e-01 1.292082969924708558e-01 1.256936359921247970e-01 1.147032829924446301e-01 1.255114449925338882e-01
1.284300629923689485e-01 1.275340929923252098e-01 1.192010479923660687e-01 1.315626909926168320e-01 1.278095229922735776e-01 1.251519899922443335e-01 1.153164909925048082e-01 1.249941009926329588e-01
1.292163389924472772e-01 1.267525329924348854e-01 1.199194719923404456e-01 1.304899089925058431e-01 1.289800119925023636e-01 1.250221299921101537e-01 1.148719319926356092e-01 1.247476729923265859e-01
1.278901709924163965e-01 1.271735919925504610e-01 1.190158039923894656e-01 1.307154539924632042e-01 1.291959869924070581e-01 1.252393689922242370e-01 1.160773849923979889e-01 1.246922379923430663e-01
1.276580249923661425e-01 1.283370579924369703e-01 1.184224299924669932e-01 1.302442569924245064e-01 1.280456629923286405e-01 1.256866139924475434e-01 1.156608949924544383e-01 1.259450579924274172e-01
1.280368949924244604e-01 1.285860749923099788e-01 1.182515179923215448e-01 1.305781179925625812e-01 1.285730139924065873e-01 1.259397479924011798e-01 1.142942079924530591e-01 1.257404239924757305e-01
1.286914859925026577e-01 1.282010759922926346e-01 1.184910599924123148e-01 1.298489579924603232e-01 1.275431569926000763e-01 1.262046899923907617e-01 1.159244789922940916e-01 1.250950939924062588e-01
1.274966099926709007e-01 1.274254559923700125e-01 1.185514839923616365e-01 1.296023059924641119e-01 1.290351039925063392e-01 1.274554269923187377e-01 1.139596319926456242e-01 1.264739809922870717e-01
1.277738789926327334e-01 1.273263739923489180e-01 1.186719799923461049e-01 1.299639179925525245e-01 1.285687129922907790e-01 1.263770639925958228e-01 1.152606099924476935e-01 1.260574619922596729e-01
1.287372309923019709e-01 1.270591069924394689e-01 1.179138709924320849e-01 1.297497109923200220e-01 1.280566569925685461e-01 1.273831639925227799e-01 1.147326749924503786e-01 1.263675839924645050e-01
1.285351179925404153e-01 1.278586149923775783e-01 1.174115769923587543e-01 1.302717279924482663e-01 1.286594829925020445e-01 1.274686979922152186e-01 1.134563109926618046e-01 1.263384699924386956e-01
1.288182689925350954e-01 1.272334739925868319e-01 1.172451899923536989e-01 1.312028359924732046e-01 1.285739019924733717e-01 1.273388409923865705e-01 1.141141559924692128e-01 1.254733319924415391e-01
1.281729839926091519e-01 1.280744669923206680e-01 1.169403469924493177e-01 1.298931039924722530e-01 1.278359149924355176e-01 1.279270459921647285e-01 1.139219309924775769e-01 1.272342059924481683e-01
1.292122409922783211e-01 1.285963489922539726e-01 1.176462639924620024e-01 1.301361449924099689e-01 1.277645419924935688e-01 1.268948769923623210e-01 1.135562739927070963e-01 1.261933079925601775e-01
1.285111539924427559e-01 1.280537999923180015e-01 1.160448029924570912e-01 1.303350129925076595e-01 1.283762659922955129e-01 1.282325829923649241e-01 1.134923589925978110e-01 1.269540219924093494e-01
1.281703789925711379e-01 1.288151459925641062e-01 1.169427089923062157e-01 1.306935949924615536e-01 1.280920629924031107e-01 1.281882059923159511e-01 1.134085119925758445e-01 1.256893899924365343e-01
1.267465489924393673e-01 1.293233109924634416e-01 1.161880259923765563e-01 1.292464229924941421e-01 1.300047239924047859e-01 1.280764149924134565e-01 1.144723079925532017e-01 1.259422439925079462e-01
1.287804969925910314e-01 1.284396939923550807e-01 1.157423749923974510e-01 1.283498339925965293e-01 1.286985729923744159e-01 1.284826379924013107e-01 1.142407959924026939e-01 1.272655929922929807e-01
1.275862679923100984e-01 1.285286859924178182e-01 1.149908549924392454e-01 1.303961309923136469e-01 1.289270979925040139e-01 1.278458909924930775e-01 1.133565909925760007e-01 1.283684799924281472e-01
1.296714189924175475e-01 1.281410179924327986e-01 1.161913439923726726e-01 1.297201849924710382e-01 1.279463209925950085e-01 1.278730879923223041e-01 1.130704919924822305e-01 1.273861329925339014e-01
1.283377549924411831e-01 1.287392489923312733e-01 1.148605309924608520e-01 1.284915759924597223e-01 1.287305889924341973e-01 1.295812399925799219e-01 1.131763069924906218e-01 1.280827529924179753e-01
1.277313509924716817e-01 1.293158569925725032e-01 1.157171439923872225e-01 1.287309409923473036e-01 1.286215909922415468e-01 1.297729129923950175e-01 1.125945429926654001e-01 1.275156599924139045e-01
1.279850489923537171e-01 1.294228219925313839e-01 1.149456839924123536e-01 1.283997629923678829e-01 1.290725669924049912e-01 1.295690339923487033e-01 1.137383749925515442e-01 1.268667059924681317e-01
1.268935619924718983e-01 1.260839619925162025e-01 1.286516919924366731e-01 1.276618569925131452e-01 1.268939519925123549e-01 1.268176639922801996e-01 1.115887349926995148e-01 1.254085759922040355e-01
1.270310209922568545e-01 1.268458089925701970e-01 1.278811139923771711e-01 1.282512229923698233e-01 1.266472359925476243e-01 1.271827139923900063e-01 1.110048869926943821e-01 1.251559959922748377e-01
1.272067039924809073e-01 1.275601529922954225e-01 1.261228859926593893e-01 1.267482269921768323e-01 1.268817079924088043e-01 1.283468699923777934e-01 1.109466799926702996e-01 1.261867719925012510e-01
1.000000000000000000e+00 1.000000000000000000e+00 1.000000000000000000e+00 1.000000000000000000e+00 1.000000000000000000e+00 1.000000000000000000e+00 1.000000000000000000e+00 1.000000000000000000e+00
1.000000000000000000e+00 1.000000000000000000e+00 1.000000000000000000e+00 1.000000000000000000e+00 1.000000000000000000e+00 1.000000000000000000e+00 1.000000000000000000e+00 1.000000000000000000e+00
1.286685869923450964e-01 1.240999389923102963e-01 1.242392009923874580e-01 1.333049899926329884e-01 1.296163339925102409e-01 1.204028409923806192e-01 1.175206409924092477e-01 1.221474669924414169e-01
1.293357969925960915e-01 1.245404989923466488e-01 1.234461159922935619e-01 1.333707009924769427e-01 1.276720889924897184e-01 1.201748159923841930e-01 1.177148909924567721e-01 1.237450909923792502e-01
1.290792879924140824e-01 1.248395689923115781e-01 1.240229699924584456e-01 1.344294099924762120e-01 1.273628839924274836e-01 1.201905709923951487e-01 1.182443649923705931e-01 1.218309429925692883e-01
1.297822079922589522e-01 1.252386239924669631e-01 1.230745109924578917e-01 1.335446209925575112e-01 1.282086269923495003e-01 1.207314089923979122e-01 1.173438009924452352e-01 1.220761989925008700e-01
1.300762749925397366e-01 1.250970429924740945e-01 1.231036629923911718e-01 1.332236029925632781e-01 1.287367069924670593e-01 1.203522369924510255e-01 1.173670029924604868e-01 1.220434689923688004e-01
1.286813379924240663e-01 1.247444339923810958e-01 1.235256089923631173e-01 1.344363639925314491e-01 1.270846629924133053e-01 1.214052009923005243e-01 1.173341779924067241e-01 1.227882129925258886e-01
1.283617139924028983e-01 1.251036349922277913e-01 1.236090919923778092e-01 1.322768519924712449e-01 1.283209919924133968e-01 1.219800499924116044e-01 1.167089609925913291e-01 1.236387039924154302e-01
1.285834189923644177e-01 1.247107279924137141e-01 1.225981569923712128e-01 1.323250159928457126e-01 1.284573049924301325e-01 1.221288039923621865e-01 1.175857919924064299e-01 1.236107789923486244e-01
1.296008619923908201e-01 1.245041259924418858e-01 1.216924289923043134e-01 1.339127419923671625e-01 1.279071619924761205e-01 1.219645529923513022e-01 1.166695379924471143e-01 1.237485879923419796e-01
1.282260489923528479e-01 1.257479229922953134e-01 1.226702659923651073e-01 1.337030659928310217e-01 1.285022429924221055e-01 1.212670729922778190e-01 1.166309569924380840e-01 1.232524229924465836e-01
1.289194139925600724e-01 1.246030529924375962e-01 1.223286169925044270e-01 1.325643109925238317e-01 1.277964999923545397e-01 1.231169629922937298e-01 1.162500719924842163e-01 1.244210699922466828e-01
1.290009129924966913e-01 1.266274169924211934e-01 1.218024309923173981e-01 1.302250859924540261e-01 1.277309279924729035e-01 1.223398979924388008e-01 1.173347549923726696e-01 1.249385719921975446e-01
1.276202379924694652e-01 1.256436209923660341e-01 1.219951619922733932e-01 1.310516299923415173e-01 1.279814859924797987e-01 1.239305819923966212e-01 1.168847969924652896e-01 1.248924839923624269e-01
1.281227269922556866e-01 1.258093209923419054e-01 1.211193579923375840e-01 1.322159639925338803e-01 1.282031349925010222e-01 1.232200289925274028e-01 1.169307459925003484e-01 1.243787199924375891e-01
1.289783719926037575e-01 1.265205359925164197e-01 1.213153319922440077e-01 1.320654379925089161e-01 1.286237089923569499e-01 1.232615519922598962e-01 1.159117869924440603e-01 1.233232739923532106e-01
1.292318629924709417e-01 1.250163119925009336e-01 1.214604489922740116e-01 1.331997279924116706e-01 1.291724209925804168e-01 1.221348929924033905e-01 1.156352889925540001e-01 1.241490449923473988e-01
1.290193769925123968e-01 1.255699899923811425e-01 1.212580759925753482e-01 1.316778529924299557e-01 1.277577219925326024e-01 1.234698949922780481e-01 1.157146589923696844e-01 1.255324279924346365e-01
1.277620149925461357e-01 1.256850049922771939e-01 1.206872469923998409e-01 1.328110599923301438e-01 1.275491909924536538e-01 1.242649469923148842e-01 1.169652859924406874e-01 1.242752489924616593e-01
1.289937399923778150e-01 1.266018119924460228e-01 1.202667239923132791e-01 1.312632079925991346e-01 1.283525959923607906e-01 1.240977259924086196e-01 1.161062559924434523e-01 1.243179379924658629e-01
1.287819759924546392e-01 1.261134439925125916e-01 1.206635049923486386e-01 1.314179769924978258e-01 1.281618019923261020e-01 1.242488069923887023e-01 1.157820429924767830e-01 1.248304459924284571e-01
1.279884249924544137e-01 1.269169749923882151e-01 1.204510249923803900e-01 1.311421399923084485e-01 1.292233759924391601e-01 1.246166019924045965e-01 1.157593279924459956e-01 1.239021289923792346e-01
1.283714419923829286e-01 1.278800339922845364e-01 1.198279319924682590e-01 1.309284749925377356e-01 1.276087949925100717e-01 1.253154119923877430e-01 1.155915939924591629e-01 1.244763159924694024e-01
1.280434779922573485e-01 1.272799879922591193e-01 1.199338449923829791e-01 1.306818509926083449e-01 1.285883539926322705e-01 1.247443839924987918e-01 1.158372459923686232e-01 1.248908539923921368e-01
1.290749109923268745e-01 1.270877129923949356e-01 1.194187449924317967e-01 1.305073849924253404e-01 1.284836669926807950e-01 1.252779239924033117e-01 1.151554539924446313e-01 1.249942009924482761e-01
1.271198299922946806e-01 1.270656839925067005e-01 1.194804249924878020e-01 1.311658599924518387e-01 1.283958889924409763e-01 1.254845589924371008e-01 1.161409369924149698e-01 1.251468159923675716e-01
1.286800959924071230e-01 1.273530099924431724e-01 1.191797509922989662e-01 1.302392869925080021e-01 1.284495079925192240e-01 1.251912289923822752e-01 1.155583079925470574e-01 1.253488109924564553e-01
1.288616359923403232e-01 1.266291809923543732e-01 1.186427709923148915e-01 1.307400129925944676e-01 1.290160919924055460e-01 1.255818549924956617e-01 1.150073029925883228e-01 1.255211489923880874e-01
1.289009159924724146e-01 1.272556699924170531e-01 1.194992859924961098e-01 1.303304499923390591e-01 1.286213819924162394e-01 1.253195379923791042e-01 1.147428629925127674e-01 1.253298949924178673e-01
1.275381049924160792e-01 1.275260029924114025e-01 1.186224479923065067e-01 1.308353559923209342e-01 1.273557979925465100e-01 1.264718009923305464e-01 1.157640219925564207e-01 1.258864669925269519e-01
1.280192339925743383e-01 1.279077379924100644e-01 1.184139819923415160e-01 1.297166009923547136e-01 1.287196909924706312e-01 1.263299859924349455e-01 1.152147529925049707e-01 1.256780149926034484e-01
1.286416749924876590e-01 1.271568189923972803e-01 1.183292849923846674e-01 1.302127159925710320e-01 1.288196089923678012e-01 1.263703889922589141e-01 1.147760389925223945e-01 1.256934679923532028e-01
1.271624049925254574e-01 1.282211289925587749e-01 1.186316629925275451e-01 1.298498589924769464e-01 1.286860009924247761e-01 1.271152509924207696e-01 1.150976329925649105e-01 1.252360589923455780e-01
1.289906729923977202e-01 1.288505669923513119e-01 1.181620489924371797e-01 1.294339339924962806e-01 1.268416999924717736e-01 1.268094509925139224e-01 1.148098599924526758e-01 1.261017659926071122e-01
1.286115529925212775e-01 1.283638289922415243e-01 1.173832069924122812e-01 1.298085879925710839e-01 1.279338979924279085e-01 1.264126579923765259e-01 1.149910869925101220e-01 1.264951799923994813e-01
1.277328379924882462e-01 1.279096349922844156e-01 1.179629549924275239e-01 1.292281199924402990e-01 1.290303329924687437e-01 1.272581799923913626e-01 1.145428749926570428e-01 1.263350639923474517e-01
1.283370719924655234e-01 1.280137239924535042e-01 1.176103909923881669e-01 1.299786549925119605e-01 1.272606919923902902e-01 1.276543849922791019e-01 1.146202849924208289e-01 1.265247959924555854e-01
1.297227829923484343e-01 1.274331619924876369e-01 1.170764489922793000e-01 1.295988039923656465e-01 1.283115999923928885e-01 1.272475029924200474e-01 1.139382359925482785e-01 1.266714629924806101e-01
1.284934339923672619e-01 1.281118839924541841e-01 1.167254259923676818e-01 1.286764759925496659e-01 1.290247169924156612e-01 1.276578259923428216e-01 1.141694569924184000e-01 1.271407799925524107e-01
1.282410219924502714e-01 1.286208719925833743e-01 1.164770309924087338e-01 1.297047379924395338e-01 1.279808679923143955e-01 1.288035349923167816e-01 1.138127019924738692e-01 1.263592319922925145e-01
1.282743559924405807e-01 1.291985909922719333e-01 1.166284109923692441e-01 1.290655209925104241e-01 1.283131109924303681e-01 1.282454069924518214e-01 1.140863589924754617e-01 1.261882439925410548e-01
1.290530799923900462e-01 1.284476929924049660e-01 1.158411529925219702e-01 1.299680159923512213e-01 1.277840129926838542e-01 1.291687129923428379e-01 1.140014099924295948e-01 1.257359219926065252e-01
1.279768389923283400e-01 1.287850439924705659e-01 1.168007189923546130e-01 1.295020309925923319e-01 1.270504049923448231e-01 1.282434709923406524e-01 1.143618309924958054e-01 1.272796599924466421e-01
1.295080329924860052e-01 1.296977769924514412e-01 1.160524039924567541e-01 1.284980919923082443e-01 1.283553139924962228e-01 1.272124639923695455e-01 1.138260169923583642e-01 1.268498989924279341e-01
1.278686709925823395e-01 1.291790299923780971e-01 1.155224029923988538e-01 1.287411189924842769e-01 1.293424929923974454e-01 1.282769099922592970e-01 1.139369739926441583e-01 1.271323999923415216e-01
1.263023449922938968e-01 1.274192279925963345e-01 1.281985349925043871e-01 1.285789839924461331e-01 1.260471619925186693e-01 1.265519379922602217e-01 1.117160019926299735e-01 1.251858059924053912e-01
1.273653179925553769e-01 1.272482949922319473e-01 1.283470499924157515e-01 1.267468909924500120e-01 1.269827129923698783e-01 1.280019699924829502e-01 1.108594349925710043e-01 1.244483279924405161e-01
1.267984559924194288e-01 1.274902169923639306e-01 1.279503619925471680e-01 1.279852089924772840e-01 1.262947489923645916e-01 1.272675039921880857e-01 1.113703459925691197e-01 1.248431569924415285e-01
