1.821818292568533060e-01 9.467553035716587406e-02 8.658416795872742044e-02 1.382912036366882591e-01 1.807442713557233793e-01 9.547719105633584169e-02 8.437204675974276091e-02 1.376737592378750319e-01
1.618764908367134325e-01 8.996327595826789092e-02 8.796580205918555495e-02 1.616041154370917443e-01 1.603409564361214790e-01 9.016819755712092432e-02 8.771476405907571716e-02 1.603663972367003476e-01
1.441101458348019726e-01 8.494065425828248306e-02 8.725379665948322649e-02 1.798230059539444314e-01 1.456062884346556174e-01 8.464483985926460341e-02 8.858954685908321247e-02 1.850317217583749563e-01
1.274330798329304237e-01 7.730420955811902195e-02 8.669513096105313510e-02 2.108763724826187569e-01 1.246930471324859124e-01 7.798248745754494948e-02 8.616658026099069390e-02 2.088490919803715207e-01
1.069976020385345478e-01 7.068797985943324480e-02 8.454632606221565427e-02 2.390704945989061969e-01 1.102189226367207009e-01 7.074491285878432845e-02 8.549772706124009192e-02 2.322360345970284901e-01
9.068766004302993011e-02 6.375060825888964611e-02 8.149162856386238385e-02 2.635932099064505207e-01 9.241663234116960501e-02 6.305204255959323545e-02 8.227042276314282254e-02 2.627377953037045022e-01
7.425287964956193976e-02 5.580595246221730504e-02 7.900351056306666175e-02 2.900161800097221243e-01 7.768912794802076971e-02 5.652614806167390038e-02 7.796155606387840387e-02 2.887446450089024563e-01
6.359287155298815053e-02 4.876466366560958110e-02 7.438184816338885841e-02 3.140673199118837466e-01 6.033661315497576560e-02 5.011383696497554580e-02 7.457193456416001676e-02 3.141709118099494935e-01
5.205971666037503831e-02 4.540199136937817653e-02 7.023121376468607902e-02 3.357224369134783615e-01 5.144495756085228078e-02 4.435102857041808150e-02 6.988134546397271885e-02 3.309073095126496833e-01
4.265123196997849114e-02 3.925891527544356219e-02 6.474601446460127863e-02 3.546339882105838393e-01 4.124644377134282364e-02 3.955273447572239115e-02 6.558029696502329364e-02 3.523303747121834251e-01
3.410174947841355247e-02 3.578876467918822718e-02 6.061964706545429349e-02 3.712358136106410633e-01 3.476899137865233774e-02 3.577868347879185201e-02 6.083851196555833257e-02 3.668678382100930002e-01
3.047540868533553729e-02 3.354668538242633335e-02 5.661030076758993834e-02 3.795280809096089891e-01 3.024785728511852553e-02 3.361756208227652948e-02 5.694832256645031981e-02 3.790257822094451057e-01
2.766036969051188787e-02 3.228730088437765933e-02 5.366454666811634050e-02 3.854698821091824823e-01 2.698960309172225222e-02 3.258385978354470108e-02 5.329749746844356789e-02 3.880469402080059527e-01
2.458260609945707442e-02 3.089403008735698564e-02 4.967297856990425531e-02 3.984127655099070076e-01 2.421730789913376786e-02 3.092872858702006358e-02 4.974206907042476311e-02 3.915495141106190569e-01
2.237910920641163204e-02 2.965286768952217836e-02 4.657688347140846036e-02 3.953043027088420924e-01 2.279216750459785168e-02 2.997812188787005866e-02 4.678265807167743956e-02 4.065338894085951948e-01
2.010102951048788750e-02 2.898440099072915194e-02 4.412314587442080216e-02 4.049486489084192509e-01 2.035129941050231595e-02 2.892945629034019556e-02 4.408179907470063941e-02 4.084802199086864927e-01
2.081659391095118036e-02 2.982395428870905293e-02 4.159972317641302819e-02 4.132471246084113981e-01 2.107106831065605826e-02 2.979533048898688405e-02 4.158197507673238452e-02 4.020642301087828940e-01
1.901067311037722002e-02 2.930993888990753027e-02 3.937435147798930973e-02 4.119294568081086627e-01 1.927649161033484493e-02 2.982508708957434113e-02 3.987518657746513817e-02 4.113988144087644128e-01
1.890344771031270826e-02 3.020776058809562445e-02 3.766167827958846054e-02 4.118357164081156152e-01 1.923459381028451431e-02 3.013693508804508522e-02 3.778589157940837745e-02 4.142339765084439018e-01
1.828581971009117513e-02 3.057005338722807233e-02 3.606663968128733661e-02 4.133782564082882360e-01 1.842734321019926652e-02 3.045690128709011360e-02 3.561805978155310054e-02 4.171969265093474766e-01
1.833627131007422792e-02 3.149663008602294340e-02 3.455440518280776530e-02 4.142635919091312569e-01 1.791569281007235337e-02 3.137940328635180354e-02 3.449071258284662489e-02 4.175632928082205209e-01
1.767542921000261891e-02 3.214447118509325407e-02 3.279588378515773534e-02 4.188214243084216748e-01 1.784910491007480476e-02 3.208855618525572467e-02 3.278477758498089117e-02 4.158403528088316370e-01
1.792199801006007578e-02 3.312626148394718500e-02 3.152694948684089948e-02 4.138015237085252984e-01 1.764182150997775297e-02 3.345533468382524966e-02 3.165496808670573842e-02 4.208711430089419059e-01
1.782014470987731969e-02 3.458252408228301711e-02 3.050036878826390893e-02 4.221220403084843809e-01 1.779667651000479273e-02 3.437918228265460924e-02 3.047647488849348010e-02 4.123225884076095471e-01
1.739273290992043169e-02 3.576454788078781838e-02 2.936939549028988808e-02 4.197644395076067236e-01 1.744186140994494552e-02 3.548343258103330705e-02 2.921514639048302178e-02 4.155684438095505473e-01
1.738693370990846906e-02 3.675396268005202971e-02 2.833096989207704516e-02 4.175729161085964813e-01 1.733049700979814520e-02 3.685164578025210136e-02 2.821708079252085652e-02 4.175559940068315767e-01
1.762568641001434691e-02 3.857000407849527773e-02 2.738267789430620658e-02 4.184679596093385801e-01 1.783929791009271348e-02 3.882180377838833490e-02 2.742990099415094918e-02 4.138626693085037389e-01
1.756014150997240938e-02 4.124621177619567508e-02 2.671567709570630417e-02 4.136009119070312434e-01 1.749812080993553079e-02 4.103201717655931974e-02 2.671979349556487596e-02 4.156271262095119212e-01
1.746707700992440257e-02 4.310749467415372904e-02 2.598242339757375965e-02 4.087447243101108296e-01 1.739051640989743019e-02 4.299720617443923698e-02 2.592534279719659746e-02 4.183852152090269394e-01
1.792433271017387572e-02 4.579278937113805820e-02 2.543431159866815089e-02 4.093681674081374733e-01 1.780296321009288210e-02 4.614979347095960610e-02 2.529794149881862964e-02 4.122297007094088972e-01
1.794569841006822195e-02 4.818130197006641885e-02 2.473243680030240074e-02 4.042311955081356878e-01 1.816674471008778574e-02 4.817521237035286841e-02 2.450245860105629628e-02 4.140649516090024740e-01
1.801284121009967890e-02 5.154754386756396634e-02 2.421018610175881131e-02 4.123204071083285682e-01 1.811189511010631581e-02 5.180779306792273470e-02 2.408982100224596815e-02 3.998995125074766843e-01
1.886925811042370824e-02 5.589336886612709943e-02 2.384895910290442747e-02 4.055763695085929932e-01 1.847352771030144961e-02 5.586066936556129819e-02 2.361505070373374343e-02 3.978627966089807177e-01
1.931335211037627994e-02 6.094107026404080307e-02 2.326678920452254773e-02 3.945376419094759335e-01 1.936268511054309999e-02 6.031635536457297109e-02 2.334909510430231705e-02 3.989130109081666098e-01
2.042482011081368440e-02 6.708258206308088945e-02 2.315091060472944384e-02 3.866174383096905864e-01 2.017398061061652023e-02 6.646657556262312860e-02 2.300982160517740446e-02 3.930738711096521398e-01
2.086167951089339459e-02 7.364881796148879667e-02 2.291506720552695039e-02 3.819523931089669477e-01 2.051792271090691760e-02 7.337270886174930562e-02 2.308663200500531490e-02 3.836447786087131551e-01
2.194405910750504146e-02 8.162916856086308015e-02 2.300805070517919840e-02 3.739816963091202040e-01 2.220386540633931260e-02 8.127760646068162009e-02 2.293331320534698278e-02 3.730222402073182231e-01
2.388213140154988451e-02 9.175234515640988409e-02 2.304309100507467845e-02 3.561911026069127795e-01 2.425356690043753774e-02 9.174096025787244202e-02 2.291904300543876755e-02 3.662177596085408604e-01
2.658743779236862059e-02 1.048269709536012312e-01 2.350400570368455302e-02 3.481500976090863286e-01 2.697353779209422583e-02 1.047518247526444124e-01 2.336632970409942625e-02 3.418397956098483403e-01
2.848723278989303415e-02 1.176927477521619164e-01 2.379508650264876984e-02 3.282382583098630846e-01 2.865997048971860583e-02 1.182161029517548867e-01 2.376780400293568990e-02 3.311427971091197575e-01
3.307167028251580682e-02 1.357036422524523500e-01 2.454697900069672048e-02 3.061347572064743727e-01 3.319258298275510471e-02 1.365786386512162498e-01 2.428952130133177692e-02 3.064822082095323141e-01
3.753053367830733178e-02 1.555268999531538576e-01 2.516162999902490927e-02 2.817289797071869106e-01 3.789008817826894360e-02 1.539897146532441807e-01 2.512300839921600623e-02 2.830491453065077101e-01
4.239318087267728713e-02 1.748182618617423190e-01 2.587576069730193953e-02 2.614370684011821933e-01 4.149384107441252828e-02 1.734049894594587027e-01 2.558279999790146614e-02 2.549940974997130239e-01
4.807770326734848998e-02 1.963702033766698551e-01 2.646447719624676898e-02 2.293104118933933511e-01 4.724115216858311428e-02 1.952908580768203672e-01 2.645698889606219392e-02 2.307882049934226187e-01
5.401326806337819475e-02 2.192970700876042955e-01 2.726475639430258821e-02 1.993544821758571894e-01 5.383301976345029882e-02 2.194415211875891947e-01 2.750997459421850727e-02 1.992859075762478394e-01
5.966955505961720613e-02 2.353775950940673045e-01 2.762330339348020164e-02 1.754407081544464841e-01 5.836941496054482564e-02 2.397813573937703779e-01 2.793535149308526075e-02 1.758027142561771061e-01
6.575649135855890504e-02 2.592575142992187276e-01 2.839936719208420793e-02 1.470306724449426949e-01 6.584509705790639322e-02 2.579986042001732316e-01 2.847170119176642422e-02 1.472405520456527284e-01
7.031947345898306723e-02 2.723888449023985636e-01 2.867011209152823398e-02 1.270932106456948985e-01 7.032732325872700918e-02 2.747439052025982820e-01 2.872304839150164810e-02 1.277340818452212534e-01
7.376306895805868902e-02 2.886494518047430513e-01 2.874742049154713208e-02 1.111190496482546974e-01 7.461021675776217943e-02 2.836330738039234411e-01 2.855049779183831127e-02 1.109272205485432733e-01
7.997621845754691872e-02 2.955778990047957522e-01 2.863302689192340211e-02 9.365559755305431777e-02 8.008720195891819160e-02 2.995068418038344116e-01 2.858587669189385089e-02 9.397733745318760656e-02
1.246873808573199793e-01 1.251310794565985152e-01 1.258927184558928103e-01 1.238893118559959011e-01 1.261341452553331466e-01 1.246040211554739208e-01 1.262597397564791391e-01 1.234016028555738054e-01
1.189680925280586637e-01 6.258950405828712926e-02 1.602270618541209446e-01 4.228038993234926601e-01 1.110795411256173953e-01 9.430252075081245466e-02 1.233615640617807471e-02 1.769322370801915817e-02
9.625716473616162394e-02 5.620894756206515352e-02 1.546763152563720711e-01 4.925270328168970257e-01 9.006516853615258167e-02 8.277058715478259610e-02 1.140228490568334294e-02 1.609249880717628783e-02
7.876149474763513569e-02 4.971385096556302230e-02 1.449369196567580897e-01 5.551268877098401999e-01 7.601184864217130910e-02 7.052429215564789966e-02 1.048646920536615117e-02 1.443823670671471465e-02
6.647903355039845585e-02 4.327290277180179806e-02 1.322106825562795185e-01 6.123920632057319180e-01 6.097468725289125618e-02 6.143656755836220118e-02 9.794627805083723840e-03 1.343943510633315887e-02
5.046809955939433878e-02 3.728921147690816840e-02 1.205146708574772185e-01 6.740680374973048172e-01 4.703570966480487975e-02 4.992326376523351095e-02 9.040352304845643283e-03 1.166065470564565422e-02
4.083752397028768411e-02 3.336791118164525449e-02 1.089167626577778741e-01 7.188267977045497137e-01 3.696444857356943892e-02 4.210211227128261846e-02 8.353607104573142553e-03 1.063083640538386478e-02
3.184818258448809947e-02 2.928488908958189543e-02 9.763113466017053765e-02 7.578759345101844236e-01 2.977464618697491308e-02 3.571543648037123903e-02 7.935578104402422894e-03 9.934198305136627757e-03
2.653934109293493854e-02 2.584981899591132226e-02 8.685196096285255352e-02 7.884152604089452732e-01 2.462494589641114201e-02 3.096503418605455263e-02 7.613808004328832986e-03 9.139830405040809749e-03
2.426681529858562558e-02 2.511713149725889466e-02 7.812340196355044286e-02 8.062951056138187855e-01 2.177066400691440168e-02 2.820206918973748242e-02 7.362679504229573471e-03 8.862132904994692029e-03
2.168465100779370935e-02 2.437706750082434259e-02 7.227265516357470054e-02 8.174748378154250705e-01 2.077967151075479219e-02 2.699522069308877420e-02 7.334562004232779257e-03 9.081334305136024021e-03
1.944855911019314348e-02 2.338478000345016808e-02 6.493288116461931603e-02 8.323585350171269770e-01 1.847733121001124412e-02 2.547282269772478680e-02 7.208363604142317520e-03 8.716727204986436314e-03
1.864528511025796351e-02 2.314257760454612942e-02 6.014321506586456367e-02 8.396697944192039742e-01 1.798399060994824994e-02 2.479745969931363217e-02 7.150311904150785831e-03 8.467365604940236060e-03
1.722731090969458617e-02 2.314098700466574524e-02 5.523374006728877517e-02 8.484125049181217015e-01 1.672095100949768515e-02 2.371252810275422535e-02 7.039798504076938933e-03 8.512179504958245282e-03
1.710333580956089478e-02 2.317582640444416225e-02 5.148726776922970400e-02 8.523026703212246424e-01 1.609524770928771886e-02 2.421199250155740487e-02 7.073146204104323494e-03 8.550513304952028076e-03
1.668194320961614505e-02 2.338490570393380111e-02 4.798992097114047201e-02 8.558320187213194208e-01 1.604408290923122968e-02 2.443382710039526326e-02 7.025045304068988465e-03 8.608256105027968855e-03
1.629561850942973233e-02 2.380248650281711550e-02 4.531603157260263165e-02 8.586415373220684932e-01 1.565264330911702098e-02 2.454360240054113962e-02 7.043910704098383345e-03 8.704169705162740148e-03
1.617918970935715642e-02 2.453717620049880935e-02 4.261709767576200847e-02 8.599335902258625763e-01 1.562162380909631713e-02 2.530512239852772058e-02 7.013442904086621479e-03 8.792757105231632439e-03
1.590644650936279617e-02 2.497967799953539764e-02 4.010416407725464483e-02 8.619805512241811574e-01 1.546864510905280980e-02 2.568072609740994910e-02 7.020023104096399270e-03 8.859765905209104203e-03
1.608933710932695590e-02 2.582405929745591397e-02 3.813730087916652328e-02 8.623018423233057561e-01 1.535606300899456170e-02 2.637308969635531256e-02 7.026372304091093798e-03 8.891935405258512629e-03
1.580171360929573734e-02 2.658792959579280718e-02 3.661435248066360892e-02 8.623282329218240339e-01 1.539818000903822419e-02 2.719086909413760689e-02 7.037614904105780889e-03 9.041107405380699111e-03
1.575264540927269127e-02 2.732034459424399764e-02 3.506461158196153699e-02 8.616565517230309057e-01 1.533759390901090827e-02 2.852072789185731289e-02 7.023179104082194306e-03 9.324345805481982705e-03
1.568443410930220328e-02 2.845053229196400219e-02 3.335105288406042118e-02 8.616202713193074070e-01 1.512610310894084084e-02 2.944722568967433549e-02 7.022219404087269405e-03 9.298161205528725215e-03
1.587690450921260335e-02 2.921610699065806463e-02 3.200128148653060001e-02 8.608851392217803378e-01 1.510494000895656365e-02 3.039082388833678691e-02 7.014761204080273947e-03 9.510042705660921858e-03
1.580706710927905559e-02 3.050392738777264051e-02 3.071624478806424252e-02 8.589554258225476913e-01 1.510652270893068048e-02 3.190906118575053546e-02 7.034087404089976389e-03 9.967663605812434810e-03
1.574343200925486241e-02 3.165770088672480859e-02 2.951723708997266993e-02 8.578015092220288018e-01 1.516237070893988043e-02 3.304972828430147169e-02 7.089117604146330000e-03 9.978904205871724428e-03
1.606124260938808848e-02 3.353845488346002268e-02 2.846101039193179791e-02 8.546311675196397450e-01 1.504489700890377681e-02 3.499232058171119347e-02 7.081874704124023132e-03 1.018903230592993481e-02
1.599930490943712869e-02 3.476090678223160008e-02 2.761723409382650304e-02 8.523567959188920184e-01 1.520164050899656429e-02 3.690938237984497244e-02 7.095956704125044347e-03 1.005877870595955036e-02
1.616227930946391445e-02 3.711261337994892912e-02 2.732246699393956965e-02 8.470185607174003373e-01 1.519689120899994639e-02 3.930314257732667182e-02 7.160192904172268426e-03 1.072385290620992207e-02
1.636632230947246761e-02 3.880226837844227838e-02 2.624038089661127893e-02 8.429058207152220206e-01 1.517513730898308391e-02 4.198303477581492860e-02 7.213340804187705520e-03 1.131369480640258447e-02
1.658350390962238033e-02 4.147779167598247829e-02 2.562500009848997853e-02 8.386024640165108401e-01 1.530662030904260743e-02 4.434114207301850102e-02 7.224325704190877676e-03 1.083915220637787433e-02
1.669508490966149783e-02 4.340099537376627264e-02 2.508803869950241086e-02 8.315883474143462850e-01 1.544223340913623843e-02 4.743065836972564647e-02 7.258663204221226135e-03 1.309597860729816605e-02
1.694956120971189903e-02 4.653550517167680950e-02 2.444836620118286813e-02 8.226532125114515148e-01 1.556704740913049737e-02 5.197186256744238536e-02 7.356217504276677671e-03 1.451822740761755763e-02
1.775756280993065483e-02 5.089483516799502699e-02 2.440442930110585731e-02 8.070765853110614119e-01 1.604136460929498145e-02 5.832830806403457163e-02 7.542971904342766348e-03 1.795394280798560602e-02
1.801275051013517120e-02 5.466226116651481254e-02 2.415743950176608285e-02 7.957558427075578367e-01 1.617224890926628397e-02 6.449120136131303305e-02 7.731277204423227419e-03 1.901697860861228245e-02
1.837061421035290215e-02 5.860477506458214303e-02 2.383103460267464724e-02 7.827718297116097457e-01 1.636176900939666917e-02 7.046453246130460202e-02 7.795615604458125576e-03 2.179982930773689473e-02
2.061272661060686504e-02 6.545967986301834407e-02 2.390571430215683926e-02 7.554899942078127095e-01 1.679830240961439208e-02 8.218488325950018547e-02 8.166511804615217765e-03 2.738218748790085394e-02
2.218948040697380289e-02 7.336747416143911404e-02 2.470636689984827272e-02 7.206618323043523233e-01 1.744456060984632059e-02 9.809027115183931167e-02 8.622875704845716846e-03 3.491713867686941503e-02
2.438540539896047118e-02 8.138359645968380740e-02 2.507923639886149719e-02 6.873947290055281156e-01 1.832717201016239097e-02 1.145447305485906980e-01 9.179496405012692317e-03 3.970563366773883357e-02
2.816564458855364342e-02 9.230755835605110315e-02 2.636500469581770298e-02 6.321249136065866248e-01 1.986087411057685728e-02 1.413211650478705672e-01 9.974909605290762510e-03 4.987992986017571878e-02
3.365114468130944031e-02 1.061317312503301524e-01 2.786902109196087024e-02 5.735759019087562915e-01 2.147011360892043391e-02 1.714630324528725880e-01 1.074015010566488348e-02 5.509890475478544658e-02
3.903798137521807127e-02 1.176771904488306264e-01 2.920216238978634235e-02 5.070008304134571153e-01 2.430422840045419475e-02 2.086036408797420083e-01 1.181743360623732642e-02 6.235653235247556880e-02
4.452299036981483688e-02 1.307137903488334307e-01 3.131300078699523343e-02 4.328680407159847254e-01 2.694875469379395122e-02 2.536406195971736000e-01 1.304350900687584192e-02 6.694929434772413368e-02
5.152507686349350885e-02 1.436419370472842572e-01 3.296575008430057546e-02 3.609065858198146626e-01 2.925565548909439539e-02 2.960567348070577420e-01 1.431571020754366166e-02 7.133254954891084243e-02
5.852011945928484171e-02 1.592612408480176822e-01 3.426609018328826556e-02 3.013529267161509373e-01 3.159692928499586301e-02 3.329992347092018967e-01 1.521869800813548460e-02 6.678476065123002681e-02
6.673386805828418478e-02 1.722205080527778598e-01 3.565621508124906108e-02 2.336392968920668611e-01 3.603793047840913449e-02 3.762795402097951492e-01 1.612890150876071169e-02 6.330373955467560876e-02
7.334093685691020492e-02 1.793919001601585461e-01 3.588617718153160052e-02 1.874744324606738566e-01 3.785578777729049077e-02 4.066594108077714598e-01 1.681418220922195270e-02 6.257717235572761438e-02
7.822432255673618384e-02 1.873472899665219460e-01 3.597133928145786891e-02 1.558469402406612303e-01 3.912027457508790440e-02 4.324279266062077132e-01 1.715978200945852614e-02 5.390212456165266453e-02
7.964797965691643167e-02 1.825649159615921890e-01 3.573036538166959181e-02 1.268754301420620401e-01 4.168763237431394320e-02 4.613971168058257355e-01 1.797827850995750709e-02 5.411828096085325585e-02
1.520899031536399326e-01 1.543139788542997048e-01 1.862763432713361589e-01 1.856306643700321724e-01 2.411137170071277203e-02 2.617661906021434559e-01 1.110952460603291392e-02 2.470202329856002743e-02
1.636672812539263500e-01 1.623559932543456319e-01 1.608343757544135888e-01 1.657773754541977396e-01 2.504804989794157111e-02 2.854482514043585328e-01 1.148370160622400396e-02 2.538497119697626092e-02
1.000000000000000000e+00 1.000000000000000000e+00 1.000000000000000000e+00 1.000000000000000000e+00 1.000000000000000000e+00 1.000000000000000000e+00 1.000000000000000000e+00 1.000000000000000000e+00
1.089611242277427200e-01 5.819447485902633221e-02 1.507351940545707258e-01 4.919610703158003862e-01 8.737469594019203756e-02 7.687059345561793322e-02 1.093311820555761468e-02 1.496972870695397438e-02
9.049320464005419784e-02 5.200033016268103270e-02 1.415052711557532317e-01 5.523694234117974000e-01 7.274169384485140721e-02 6.695712985695424779e-02 1.022186020527641667e-02 1.371108650647080186e-02
7.480174954692746236e-02 4.626503366813723012e-02 1.318768033561893149e-01 6.066616715049171216e-01 6.048594575280312469e-02 5.772666355947913414e-02 9.440325704962927722e-03 1.274180670603164249e-02
5.868636115485480892e-02 3.948660437555410324e-02 1.198224019568242260e-01 6.646638517989821304e-01 4.884647066157150191e-02 4.829885376581086881e-02 8.848203104827440796e-03 1.134725300557805523e-02
4.245997116884600575e-02 3.376040938141227493e-02 1.080453356573657930e-01 7.202454769064555729e-01 3.773036417286262934e-02 3.934845657357830678e-02 8.223511404558183149e-03 1.018647460523618500e-02
3.509487147793890344e-02 3.010993968621369574e-02 9.717299015974940890e-02 7.542618392098332514e-01 3.137430048429760976e-02 3.443484358060398820e-02 7.900230304416142740e-03 9.650985005128072391e-03
2.914819558646846581e-02 2.763975459199942766e-02 8.804118386223372394e-02 7.803365687104077963e-01 2.775999819168481486e-02 3.050377998604769311e-02 7.583809104322910936e-03 8.986709905022434441e-03
2.564193259489180171e-02 2.562867819697805735e-02 7.969573796383835895e-02 8.032059453121063175e-01 2.195299370722589988e-02 2.763661529268138933e-02 7.418612504254348990e-03 8.819484404927035309e-03
2.132769880887514999e-02 2.407870260099907733e-02 7.170027236354263589e-02 8.213820977151365943e-01 2.029238551040778854e-02 2.546338929638982188e-02 7.266961504171804732e-03 8.488492204825939455e-03
1.934809681049416349e-02 2.294861140501797819e-02 6.425640746470610842e-02 8.346608592172184427e-01 1.919923881034486107e-02 2.400264410120814956e-02 7.172662104140898817e-03 8.411480104862084986e-03
1.863673180995064488e-02 2.340154930355528226e-02 5.970450126593267876e-02 8.428961238191905458e-01 1.678428690967877571e-02 2.323604800382418623e-02 7.080268404108643054e-03 8.260490504806277182e-03
1.760877220975053115e-02 2.309211530431615547e-02 5.518919716776048146e-02 8.491496782210303795e-01 1.659241440941042547e-02 2.310867850423953956e-02 7.009645204059062294e-03 8.249499004831510607e-03
1.708067680959158077e-02 2.312473070492546134e-02 5.162876976937685880e-02 8.527046443204663317e-01 1.643121800948327965e-02 2.349577710359138094e-02 7.063742504111225444e-03 8.470440804937509963e-03
1.649162680942882139e-02 2.344744840361418642e-02 4.807988677137853273e-02 8.575530439226980439e-01 1.572286730916458430e-02 2.329993770390286281e-02 7.023434004069247817e-03 8.381755104922221367e-03
1.616233550935541885e-02 2.377512130264684484e-02 4.522592367336374097e-02 8.603392433233602032e-01 1.554311000904658180e-02 2.352539110338713532e-02 6.983884204065242234e-03 8.444990904987906971e-03
1.603370600936920853e-02 2.421252560190681816e-02 4.264486477555515936e-02 8.618085914237554324e-01 1.549395280906514308e-02 2.426132700157996105e-02 6.995929804063474346e-03 8.549102605035996394e-03
1.635074400937994166e-02 2.539231239825501252e-02 4.017801597749744158e-02 8.623436666238154524e-01 1.530161630902786805e-02 2.477830409975160728e-02 6.985157804057256191e-03 8.670182805113736332e-03
1.608784370942968264e-02 2.569550939788310326e-02 3.815151277938610280e-02 8.638723853246268458e-01 1.512495500893600367e-02 2.535904619869405394e-02 6.976000804065457007e-03 8.732746805199965295e-03
1.587391920930179140e-02 2.656840509563662689e-02 3.642182238060841931e-02 8.640134797242502440e-01 1.507523100893356366e-02 2.612205549673929719e-02 7.003039404076305367e-03 8.922047705327803765e-03
1.579076070924869193e-02 2.739263449447219140e-02 3.475581818272099194e-02 8.639771657259798232e-01 1.508078520892068737e-02 2.700096729511475974e-02 6.981198804061369660e-03 9.020669605358860518e-03
1.559907660918155407e-02 2.835422489203578630e-02 3.319687798432036097e-02 8.638076960231680923e-01 1.505976770889552556e-02 2.781416779300669231e-02 7.004906204078728722e-03 9.163282805428810476e-03
1.591024210926383561e-02 2.946673048992541274e-02 3.210572978605723271e-02 8.617628657209901455e-01 1.514442600897730057e-02 2.920672499041008716e-02 7.019646504078143855e-03 9.383634405502388684e-03
1.570694190924505629e-02 3.030493058818574392e-02 3.060912648825430196e-02 8.614054229245000638e-01 1.512906890896252403e-02 3.011640388830598425e-02 7.049286704105067747e-03 9.678818605576424566e-03
1.593224170923921573e-02 3.189606218591249653e-02 2.959553729001662345e-02 8.592779499208129668e-01 1.504902350892441641e-02 3.164062098614024016e-02 7.058530804112398555e-03 9.550033605677639426e-03
1.572613610926115041e-02 3.325348418412221729e-02 2.864308309174694658e-02 8.573499160213671200e-01 1.519119830900191384e-02 3.305337278469785978e-02 7.077136404130966035e-03 9.705673105788405544e-03
1.589150940927964301e-02 3.505585648148395322e-02 2.761711189388155879e-02 8.543703439174448189e-01 1.507873490895259017e-02 3.464246478254221634e-02 7.090937504123532263e-03 1.025304110584262553e-02
1.597225310936631337e-02 3.686347317986436029e-02 2.706853419480850093e-02 8.505455907184329423e-01 1.508550410891548212e-02 3.642819018089845512e-02 7.112626104141248941e-03 1.092382840621320024e-02
1.629007630944604226e-02 3.912359317780523399e-02 2.618190579693876335e-02 8.458650356190127173e-01 1.530106900900916715e-02 3.906442147777582086e-02 7.153547604165613055e-03 1.102035100658960674e-02
1.652592340951682462e-02 4.144971127607524619e-02 2.542026559859790827e-02 8.414043828155013394e-01 1.516722830899270083e-02 4.157146327633173127e-02 7.176955004170760578e-03 1.128407030647824577e-02
1.672798250953411517e-02 4.411355537325224729e-02 2.494852169973034092e-02 8.364225805137786018e-01 1.539468740904396428e-02 4.439540447255167777e-02 7.195425904179999187e-03 1.080184210632844852e-02
1.667720270957500847e-02 4.655409737124360792e-02 2.439765180095994357e-02 8.291807938138796574e-01 1.532033030902906628e-02 4.736901876972522685e-02 7.275127904218300218e-03 1.322577730707475210e-02
1.727482620976886207e-02 5.086229406878341186e-02 2.411360580205369405e-02 8.197655911123691297e-01 1.555272500906692418e-02 5.191591356794749562e-02 7.356618004259809183e-03 1.315842620736516755e-02
1.830283590997350968e-02 5.420039616713232672e-02 2.364340040331320072e-02 8.092442460093909329e-01 1.579580620919590617e-02 5.683542686546869810e-02 7.475302104342473539e-03 1.450258630760982610e-02
1.874113421018910874e-02 6.045891216322158562e-02 2.348123410408112233e-02 7.965530777082243663e-01 1.593605490928116583e-02 6.261609276281622505e-02 7.544122004349971232e-03 1.466937210768993506e-02
1.990945881066593509e-02 6.687523576138711123e-02 2.374490200292771191e-02 7.730836370073836950e-01 1.632248050938217565e-02 7.137400626093468037e-02 7.854205104478812274e-03 2.083607450840263553e-02
2.082990651089443659e-02 7.336418306124599387e-02 2.395154840284669309e-02 7.497636932062898829e-01 1.726421660961989513e-02 8.204116835981513367e-02 8.122030904626766426e-03 2.466325289825081757e-02
2.375008680016568730e-02 8.291107686056901904e-02 2.438333430067346833e-02 7.134194250052914299e-01 1.734791850976146604e-02 9.645702975337791529e-02 8.581878504800612151e-03 3.314925017180200828e-02
2.578922199547772909e-02 9.232477355534583763e-02 2.518788919853910679e-02 6.813751839061656934e-01 1.814101081004334398e-02 1.127875143499209032e-01 8.985998904951567057e-03 3.540840716963942342e-02
3.046339088512733939e-02 1.089975352499663042e-01 2.651767979534730771e-02 6.270584200057807145e-01 1.926906621048379148e-02 1.352092842466601219e-01 9.608837105202135478e-03 4.287578636606147187e-02
3.752910237710628538e-02 1.283512588482808581e-01 2.836545099204577924e-02 5.556244430105305998e-01 2.147450210917064423e-02 1.675855443486826968e-01 1.055024040557112769e-02 5.051945775524692428e-02
4.374615647035669241e-02 1.436522214470684344e-01 2.931152478993067842e-02 4.986555541131731939e-01 2.350980830175581487e-02 1.970901646744782909e-01 1.124165320594441159e-02 5.279291685684235624e-02
5.210733686305460410e-02 1.597468717476562827e-01 3.173005938607339343e-02 4.133835188203462407e-01 2.538934029691542610e-02 2.415830195964817628e-01 1.262436620664174683e-02 6.343548694998797643e-02
5.767023606051705636e-02 1.759240078585339040e-01 3.310058788397068213e-02 3.543310420201634670e-01 2.806139659167983941e-02 2.751978622038003808e-01 1.341745910712929292e-02 6.229740814836205731e-02
6.936103655598226114e-02 1.982208348752879101e-01 3.423644868322476414e-02 2.891026918134784185e-01 3.002363888803459210e-02 3.084908922073810178e-01 1.411199260753312999e-02 5.645246425576664479e-02
7.777153675590739446e-02 2.119575415832433973e-01 3.534373018190985205e-02 2.272985760896820695e-01 3.270106968297915861e-02 3.451618794082957353e-01 1.506686890812283797e-02 5.469879725887556721e-02
8.380243125435121732e-02 2.208964641890340252e-01 3.597118268149875758e-02 1.798512185541697173e-01 3.470615178038858467e-02 3.769906675079034430e-01 1.568053330851935240e-02 5.210135056338367071e-02
1.505881862549464378e-01 1.490254421542275831e-01 2.324938531944184261e-01 2.301815224915470803e-01 1.992001811064685393e-02 1.875978985706346081e-01 9.502717105279509871e-03 2.069036201044429507e-02
1.617237356555069339e-01 1.633926676553546509e-01 2.045181454818800482e-01 2.028059388814587027e-01 2.123175161007383530e-02 2.146409410860221079e-01 1.000962720547106388e-02 2.167719230841718553e-02
1.776941998645107934e-01 1.765939204639211946e-01 1.773000017640823378e-01 1.768431693631590806e-01 2.247284120560881157e-02 2.354104397937979987e-01 1.044672760570036600e-02 2.323869980292132126e-02
1.000000000000000000e+00 1.000000000000000000e+00 1.000000000000000000e+00 1.000000000000000000e+00 1.000000000000000000e+00 1.000000000000000000e+00 1.000000000000000000e+00 1.000000000000000000e+00
1.000000000000000000e+00 1.000000000000000000e+00 1.000000000000000000e+00 1.000000000000000000e+00 1.000000000000000000e+00 1.000000000000000000e+00 1.000000000000000000e+00 1.000000000000000000e+00
9.954974633224621117e-02 5.462401046178531200e-02 1.402522745552442496e-01 5.420974351094216548e-01 7.516001114215679901e-02 6.474499645626836941e-02 1.015050860525622614e-02 1.342101710645428846e-02
7.905442844694918203e-02 4.733830266722768854e-02 1.276460045558212575e-01 6.118323134062432223e-01 6.004567275154996941e-02 5.306871136301317265e-02 9.215116204941795064e-03 1.179945040575370446e-02
6.012506845198904021e-02 4.078105517449450573e-02 1.186229404568648338e-01 6.676835811992060110e-01 4.830947926219859856e-02 4.504107576881077185e-02 8.703961704688078366e-03 1.073283780536846491e-02
4.862309006400278993e-02 3.560695498020300526e-02 1.063779441586844426e-01 7.160571682038336938e-01 3.780854027455309713e-02 3.754609917750240111e-02 8.050328304495658546e-03 9.929874705111967070e-03
3.965333687380719757e-02 3.179441868453763281e-02 9.628603905922893114e-02 7.511335188106077476e-01 3.142247438456460124e-02 3.275617058285964361e-02 7.787267704416748516e-03 9.166773805000260483e-03
2.998352758276884300e-02 2.801620509012327578e-02 8.704080886163648167e-02 7.848745052105887687e-01 2.484951009916225306e-02 2.881711298878309943e-02 7.549808304300338266e-03 8.868521804893612567e-03
2.612264799637148763e-02 2.656425049537091201e-02 7.913815016325433105e-02 8.050281903160325658e-01 2.121049850933180714e-02 2.598321689643110291e-02 7.324266204195862759e-03 8.628779404834743469e-03
2.166013920833366468e-02 2.444172990025898426e-02 7.140841426437584405e-02 8.223257566161957799e-01 2.035142621023412063e-02 2.427186790028285773e-02 7.262563004179972866e-03 8.278102904779933990e-03
1.992974841056375374e-02 2.342435320335043564e-02 6.439947166492843156e-02 8.343624628200316806e-01 1.906239841014777808e-02 2.333829020349704325e-02 7.159826404152361094e-03 8.323448904761493808e-03
1.835575100984441696e-02 2.342425420374312853e-02 6.004592926572409339e-02 8.435613747203380974e-01 1.717810230961493850e-02 2.226767890686604662e-02 7.016759604063213529e-03 8.150150004738341766e-03
1.741228860969790820e-02 2.304328800482254025e-02 5.535057966732011975e-02 8.504039065227043670e-01 1.647062390951436334e-02 2.208955120783414119e-02 7.056926604094970919e-03 8.172835504760757319e-03
1.721592320967779699e-02 2.349181820362320275e-02 5.209284946851145542e-02 8.534437811223687387e-01 1.611948600935668788e-02 2.242269960663030928e-02 7.013945304078937105e-03 8.199497104807600134e-03
1.697845700971377034e-02 2.355945840327261856e-02 4.762122547107970616e-02 8.579409313237501555e-01 1.608295550930068790e-02 2.249189640659706238e-02 7.007043904067970785e-03 8.318032004897425724e-03
1.649893950940956380e-02 2.406427330214057705e-02 4.500629767302744694e-02 8.604094625247937778e-01 1.574140000915241061e-02 2.290736600562621669e-02 7.003602604072365310e-03 8.368658404940757314e-03
1.621560930933260355e-02 2.433229740140558858e-02 4.228608207567169375e-02 8.632477700259481024e-01 1.549977280908192319e-02 2.300591860525966550e-02 6.980246204051956602e-03 8.432303604982713599e-03
1.580372240923493335e-02 2.490172939978705161e-02 4.032388417698267585e-02 8.640614797239237754e-01 1.555747730907506080e-02 2.378266980282034426e-02 6.970820904043725265e-03 8.598216305052938310e-03
1.606297110927790497e-02 2.562370179778897250e-02 3.790039107908765165e-02 8.652994008258176883e-01 1.527329450901810347e-02 2.426235590132945139e-02 6.985138204069259865e-03 8.592746605097950977e-03
1.569696370925606141e-02 2.648221859615626853e-02 3.628847728124069000e-02 8.654914516250570289e-01 1.525368090894165495e-02 2.506348319918729958e-02 6.971225804055389275e-03 8.752498905192251932e-03
1.554970330921064299e-02 2.731203349378162962e-02 3.461204418284001549e-02 8.659241937236158426e-01 1.506618710887482233e-02 2.561994719771989656e-02 6.998717004072858155e-03 8.917174005275441476e-03
1.586335000927713637e-02 2.837838329198793391e-02 3.315708428473419789e-02 8.650222707245558418e-01 1.502360460890233076e-02 2.650298969558823742e-02 6.998863004061091873e-03 9.053454405376092778e-03
1.572015430922032650e-02 2.939302469002654655e-02 3.203683508603446389e-02 8.634311550242282918e-01 1.540130710898040579e-02 2.781980459317449569e-02 7.016417504078138224e-03 9.181301705422657139e-03
1.581240980924866757e-02 3.066179058775320154e-02 3.056933378824472011e-02 8.625369511225037256e-01 1.509229490888341040e-02 2.859725799146463701e-02 7.011445304076014198e-03 9.718516505506417935e-03
1.597400180928593844e-02 3.173288548593795888e-02 2.941564669014415725e-02 8.614597007198586676e-01 1.500151840888601200e-02 2.998800178878368791e-02 6.993673204063737860e-03 9.434571905581178725e-03
1.600049530938661355e-02 3.364417648381357040e-02 2.869533489165818421e-02 8.585414950210061846e-01 1.502864220890623437e-02 3.148936478627756969e-02 7.043794704090305947e-03 9.556696605669968980e-03
1.580819660928380055e-02 3.508831388197443391e-02 2.744223279396441201e-02 8.573109457192927829e-01 1.515010910896641590e-02 3.249737518487360449e-02 7.043822904104829995e-03 9.659003805763462236e-03
1.596605740935867074e-02 3.659968518042745061e-02 2.667040549576665115e-02 8.540557648191480222e-01 1.513048510894544028e-02 3.437029378268205426e-02 7.075004204121038837e-03 1.013230400584760535e-02
1.660873440956682837e-02 3.888533827817473865e-02 2.625012999678279224e-02 8.496438814178620680e-01 1.509738780893077163e-02 3.629678248052928269e-02 7.074184104114917930e-03 1.014356150596702408e-02
1.604460240938204024e-02 4.113375637679436009e-02 2.535811879871426727e-02 8.458590855177529066e-01 1.522854480900247623e-02 3.853067517850659179e-02 7.116780704142513896e-03 1.072843620647222218e-02
1.628953200952812375e-02 4.360335847411008631e-02 2.467734100024859475e-02 8.413582931161674994e-01 1.523963390903225468e-02 4.081911917649728300e-02 7.123083304137433659e-03 1.088963900630667350e-02
1.685211700971912460e-02 4.677203467137142079e-02 2.414010650204880329e-02 8.352363731138303660e-01 1.529470130903347325e-02 4.348651777458691081e-02 7.194398804187366291e-03 1.102375080637110413e-02
1.736223040975526377e-02 4.997209996877224891e-02 2.371593900314332773e-02 8.259527918132678614e-01 1.537997390906790940e-02 4.706598447066693419e-02 7.267405304203031907e-03 1.328357510689035480e-02
1.771596960997737918e-02 5.432018556688252703e-02 2.349073620410334351e-02 8.169276237109335259e-01 1.550165500913943360e-02 5.139370126716787113e-02 7.343172804269771682e-03 1.330695580731569745e-02
1.817100821014117074e-02 5.967510716485315003e-02 2.322874570453540774e-02 8.046281009085628488e-01 1.572223310913392277e-02 5.637303496596397095e-02 7.434961104278965151e-03 1.476680880752600893e-02
1.896188181026001521e-02 6.595884526306119988e-02 2.331489570443812456e-02 7.888666653077182067e-01 1.573860010920741584e-02 6.213636466274910508e-02 7.588188204376953780e-03 1.743455890831544300e-02
2.139827980891321688e-02 7.483205106020157649e-02 2.355651150337145783e-02 7.660489007072034395e-01 1.627535400943314753e-02 7.131795506089125269e-02 7.747493504429995431e-03 1.882345430796342547e-02
2.390354849968046036e-02 8.549541645944096213e-02 2.388217460184818494e-02 7.386066685051270175e-01 1.672206240958101428e-02 8.212090056045864839e-02 8.013933404525332496e-03 2.125529550715455490e-02
2.706547329167777183e-02 9.568781775479236196e-02 2.421970620124320669e-02 7.074437779050241071e-01 1.747615290987478490e-02 9.456111595365115918e-02 8.375331704713141756e-03 2.517062419298377041e-02
3.038613508676514877e-02 1.120997692503250265e-01 2.551804839787398874e-02 6.588386306048726881e-01 1.791686341010490999e-02 1.131192471496525603e-01 8.886855204907959452e-03 3.323445078223426219e-02
3.599589057791938163e-02 1.310842133489235617e-01 2.669727119523069778e-02 6.066746626084820182e-01 1.904189551047727122e-02 1.334130380476596656e-01 9.410505805123439704e-03 3.768252277256747829e-02
4.309071597122239583e-02 1.511865052474696269e-01 2.860686209110769804e-02 5.356370876107833245e-01 2.107259471044240634e-02 1.631613576497878970e-01 1.030518260549353853e-02 4.693969396235897484e-02
5.013869356289336193e-02 1.743229105559063463e-01 3.030635258785088423e-02 4.723665267138604795e-01 2.225354440577926446e-02 1.910329448714959688e-01 1.097349140581749087e-02 4.860553575782987357e-02
6.143361695749031265e-02 1.939624851739866762e-01 3.165126188670652069e-02 4.042672936209300016e-01 2.503991059799106841e-02 2.235826303911543633e-01 1.178345790622336263e-02 4.827934336529793313e-02
6.998699535579455677e-02 2.190612241856008391e-01 3.355402698368651487e-02 3.296548159214083284e-01 2.632963209597843218e-02 2.567198624000646134e-01 1.263199920668380861e-02 5.206144375834192983e-02
8.476378545327818703e-02 2.381777366946156438e-01 3.512411288265365750e-02 2.564576092028471033e-01 2.808747819168272084e-02 2.925053802044961793e-01 1.351489860726449131e-02 5.136899865818297245e-02
1.410316835552525572e-01 1.411315219536432297e-01 2.652075570999619103e-01 2.688904613016093736e-01 1.750154090987544181e-02 1.395500034527575872e-01 8.568429404873883354e-03 1.811880220984389903e-02
1.558307152552217689e-01 1.564798946553758452e-01 2.413703941939249753e-01 2.436443623968075900e-01 1.832751111023438184e-02 1.567579358540010237e-01 8.879864304984009735e-03 1.870932210985733202e-02
1.732076454613290240e-01 1.753694805630152398e-01 2.146878312866077332e-01 2.163295750883987290e-01 1.906364561040966438e-02 1.733757039600979100e-01 9.198436905172706693e-03 1.876768101009964468e-02
