1.292707570560344688e-01 1.198259182560508923e-01 1.209130105568057695e-01 1.290392536547746993e-01 1.289146671553632884e-01 1.214004730568896961e-01 1.225102761569275139e-01 1.281256437555291228e-01
1.279990596560020288e-01 1.212972833565801323e-01 1.218998548565538020e-01 1.270384671560720602e-01 1.306751564555450051e-01 1.206638029561173525e-01 1.214200618566364243e-01 1.290063133542123375e-01
1.282770301559867931e-01 1.217691806564755591e-01 1.214243829563854404e-01 1.287140641558859877e-01 1.287605790547164952e-01 1.241009781572794124e-01 1.204459461562086969e-01 1.265078383554291142e-01
1.265347465552178474e-01 1.228483159573281192e-01 1.211757153567357415e-01 1.285997955551938243e-01 1.276227601551685187e-01 1.233225834564466994e-01 1.215567630567490898e-01 1.283393195560667555e-01
1.259731072556717346e-01 1.237618896563167370e-01 1.201392582561222472e-01 1.279779083556630559e-01 1.286391398557406307e-01 1.233766477561196312e-01 1.211026062571166489e-01 1.290294422557557996e-01
1.289023850548964845e-01 1.239519164565091175e-01 1.184206265569894001e-01 1.294978017562287698e-01 1.280852900551279205e-01 1.223340017566848931e-01 1.193517999558691145e-01 1.294561780555920916e-01
1.280746695562821336e-01 1.249188911567408466e-01 1.203692673566243571e-01 1.276380690558686914e-01 1.285686765556874056e-01 1.238785949564810140e-01 1.176117485563769605e-01 1.289400824546262370e-01
1.275544305562807124e-01 1.249601261564348281e-01 1.207524583567976262e-01 1.275169766552220474e-01 1.292534622553032364e-01 1.227570940571075103e-01 1.192271025567639420e-01 1.279783490547563574e-01
1.286158982550422714e-01 1.254252182557055173e-01 1.186727510560908472e-01 1.281474835549570312e-01 1.279767741564307448e-01 1.261294515574400144e-01 1.179692134567563444e-01 1.270632093554124042e-01
1.277389774560094560e-01 1.261218791570372921e-01 1.171946731568644789e-01 1.281281278553783598e-01 1.273510078551280955e-01 1.252626040565555654e-01 1.181966680568780625e-01 1.300060620559964075e-01
1.278797791553908103e-01 1.255727865560853640e-01 1.175190981566412163e-01 1.301777195556466094e-01 1.268603023555819886e-01 1.250074618571299923e-01 1.163276974569009414e-01 1.306551545554433258e-01
1.286932163557577002e-01 1.259777380568539440e-01 1.164005522564991735e-01 1.281039909553813305e-01 1.276328202558217884e-01 1.251728384562982299e-01 1.176628190563561993e-01 1.303560242554354376e-01
1.272758138552583795e-01 1.276187685566968488e-01 1.171084687562668342e-01 1.284272813548069936e-01 1.274848225562771331e-01 1.268250578560267683e-01 1.173949066576684408e-01 1.278648800546751674e-01
1.279653485554869963e-01 1.272875673573656274e-01 1.161541975570019730e-01 1.272284927554620526e-01 1.294610729556805173e-01 1.265916234566455967e-01 1.168014170576550242e-01 1.285102799559510178e-01
1.272017557554785128e-01 1.280604975573167714e-01 1.167236099565678309e-01 1.280391027551003869e-01 1.281024429563666356e-01 1.272378247571393783e-01 1.144660831567379244e-01 1.301686827550655734e-01
1.284493632555250009e-01 1.283166444565461417e-01 1.145541329561720056e-01 1.288645362553768048e-01 1.279503336558839854e-01 1.282089230565923166e-01 1.151475814566965822e-01 1.285084845552582622e-01
1.284832586555245959e-01 1.271967444568379291e-01 1.159121188564877780e-01 1.278761370553275767e-01 1.297852320556442118e-01 1.271560691569022516e-01 1.150720339574175383e-01 1.285184054556016420e-01
1.278909886561027942e-01 1.271302537564804602e-01 1.154285941568637675e-01 1.296133845558597453e-01 1.270477823553010366e-01 1.276753914564768833e-01 1.157209146569445207e-01 1.294926900550028293e-01
1.283832575551777655e-01 1.300328222562100733e-01 1.140982865571605470e-01 1.274857136557915049e-01 1.285924114555467568e-01 1.287482623570022633e-01 1.134817865571705053e-01 1.291774592557891621e-01
1.284255106552236458e-01 1.301517449573967866e-01 1.139900279569248803e-01 1.297024955557797010e-01 1.274523906565603049e-01 1.283030573570091148e-01 1.129760166568169188e-01 1.289987558560140579e-01
1.283891902545888641e-01 1.298142825571420855e-01 1.126381811566372626e-01 1.293721421556423834e-01 1.274075187559261246e-01 1.309742447568805201e-01 1.132480587567237518e-01 1.281563812556823778e-01
1.286214480552888839e-01 1.317930979563222693e-01 1.129934368569779635e-01 1.278070531558262724e-01 1.261843333553513136e-01 1.305911303573595583e-01 1.132538196569577438e-01 1.287556802560019531e-01
1.275065205555476200e-01 1.303433732567050307e-01 1.122542359573458493e-01 1.299109928556756444e-01 1.273939956563860110e-01 1.328579764569305377e-01 1.114600115561096561e-01 1.282728933553481665e-01
1.269557403561333842e-01 1.324505093569556813e-01 1.127873384566329268e-01 1.287469328551072711e-01 1.264755385557789491e-01 1.312100052568160036e-01 1.126273006572590940e-01 1.287466341548402504e-01
1.279454503562626189e-01 1.328950385567085335e-01 1.122105002574666638e-01 1.298316165553167756e-01 1.270946283547915168e-01 1.314519628568432408e-01 1.101546651572958002e-01 1.284161375551206019e-01
1.272702120558960037e-01 1.328093623569961690e-01 1.119705991574616727e-01 1.282981496557779877e-01 1.290105772562399333e-01 1.310563448566094968e-01 1.105452871566254408e-01 1.290394671549790484e-01
1.266289414556595883e-01 1.322738291571971536e-01 1.113556260570305045e-01 1.287845192555754081e-01 1.267747003551357998e-01 1.345890232571816947e-01 1.111129398574577792e-01 1.284804202556878994e-01
1.294833231552877384e-01 1.329109793573491904e-01 1.107517175576638313e-01 1.290082373552355610e-01 1.260317473553026479e-01 1.343421085565361384e-01 1.090106642570422280e-01 1.284612220555509388e-01
1.279661162550294884e-01 1.331727817575507899e-01 1.110706919579963758e-01 1.281420531560113207e-01 1.266081741552316786e-01 1.344893372568774503e-01 1.103911300566687570e-01 1.281597150550366493e-01
1.254749660548858115e-01 1.343173245562994667e-01 1.091201301568518189e-01 1.312991108556898212e-01 1.267096307548664647e-01 1.363745301573570934e-01 1.090959021577039972e-01 1.276084049560542721e-01
1.257171705554206986e-01 1.335685330572387308e-01 1.106703020571728618e-01 1.295175661559871405e-01 1.282670981550823319e-01 1.347000003565885784e-01 1.087095547571527154e-01 1.288497745551213935e-01
1.270372047558977202e-01 1.368638930574359869e-01 1.082306890571195501e-01 1.280717395541697834e-01 1.257162847555667318e-01 1.369688573578197455e-01 1.085365419574073897e-01 1.285747891546947519e-01
1.273343301556082163e-01 1.360606990572296171e-01 1.085878723569586313e-01 1.287439136557801400e-01 1.276734275559203158e-01 1.373345700569646166e-01 1.077844324574899482e-01 1.264807543550581781e-01
1.266424541549881488e-01 1.355752840566030737e-01 1.083161867570316544e-01 1.278801980562230822e-01 1.271114514554706476e-01 1.365284381567127003e-01 1.080014205570530572e-01 1.299445664561268421e-01
1.270693022552217277e-01 1.366700984575497102e-01 1.084722588574012769e-01 1.267637024561221459e-01 1.295009044551685140e-01 1.361221402568426886e-01 1.069480780578936641e-01 1.284535148552298223e-01
1.277905781553559106e-01 1.386458366576168444e-01 1.084713073571831610e-01 1.269806966558490458e-01 1.271259449553562015e-01 1.389442574569691446e-01 1.061673489585265584e-01 1.258740294555141526e-01
1.272880136552812791e-01 1.388187453575444874e-01 1.057069426578219618e-01 1.287482108550628002e-01 1.267049516554687449e-01 1.372635756570871057e-01 1.064222180577986121e-01 1.290473417553919255e-01
1.262149003549880577e-01 1.393059297578259359e-01 1.061049953570561977e-01 1.282303299550738018e-01 1.267680227554712769e-01 1.393424863581771422e-01 1.058219441574582975e-01 1.282113909556405751e-01
1.275410218553667541e-01 1.378326308565812619e-01 1.054234594579194079e-01 1.270570461561323083e-01 1.279278391557854277e-01 1.390567784571080379e-01 1.064332942567552120e-01 1.287279294556318565e-01
1.268563141552876139e-01 1.411937050568451979e-01 1.056415044579671753e-01 1.266675373552560158e-01 1.250253796553771890e-01 1.407029395573974051e-01 1.058966880576238806e-01 1.280159313557525658e-01
1.259209134550405007e-01 1.411871942573934557e-01 1.047518621572317704e-01 1.291213896558786878e-01 1.281059473549542305e-01 1.377971659574535601e-01 1.052076439577004086e-01 1.279078828548289581e-01
1.251891362555913878e-01 1.410822417572251408e-01 1.045732550577282288e-01 1.286233442547914940e-01 1.282596172555403868e-01 1.400762178578577322e-01 1.043652718577909450e-01 1.278309153551377975e-01
1.272098660553514504e-01 1.420423480575529751e-01 1.039062017577488117e-01 1.277645558563366979e-01 1.252406323552496259e-01 1.418727671579436966e-01 1.051577790577908622e-01 1.268058493557957245e-01
1.256549332547596265e-01 1.433465304581147959e-01 1.037772013583205394e-01 1.257069767557379703e-01 1.284261380553628762e-01 1.417751365572318401e-01 1.041880476576065861e-01 1.271250355551694633e-01
1.253079454547468274e-01 1.422373566570379888e-01 1.037711267582281521e-01 1.280280019549449033e-01 1.269040262550194254e-01 1.427126626578602564e-01 1.044144466583012826e-01 1.266244332558423835e-01
1.287301661558332144e-01 1.441930769572316029e-01 1.022640164584073114e-01 1.277318958552898509e-01 1.267107450549131431e-01 1.409937105578124572e-01 1.023682339584095907e-01 1.270081546553384899e-01
1.267792345555766309e-01 1.414659532564635502e-01 1.035882314587270869e-01 1.275530081554618611e-01 1.270698118550133426e-01 1.434482621576773365e-01 1.026161372580408071e-01 1.274793609557055840e-01
1.268842438554157459e-01 1.428961697580006240e-01 1.022774208578150351e-01 1.278677026561934604e-01 1.268301443559199937e-01 1.443247754568433017e-01 1.015643203579545545e-01 1.273552223553660045e-01
1.272031199555576086e-01 1.446254192570235741e-01 1.013610099582777230e-01 1.265817730558789489e-01 1.259770990557479431e-01 1.452865871584853030e-01 1.016337991578776800e-01 1.273311920554132670e-01
1.265011138557831927e-01 1.467857654577874871e-01 1.016637094576215150e-01 1.274120498560715742e-01 1.242458343556183398e-01 1.433002226574276172e-01 1.023676795584722854e-01 1.277236244555945976e-01
1.249067083557071495e-01 1.233167593565405173e-01 1.265067706558857807e-01 1.232142083557843243e-01 1.266081126559217285e-01 1.241495293564178759e-01 1.262325855555601894e-01 1.250653253562352685e-01
1.263743151545495547e-01 1.241181427565066081e-01 1.300310447577225359e-01 1.432849419558700488e-01 1.289201184553987467e-01 1.292480868567540131e-01 1.031310166576995674e-01 1.148923330554045691e-01
1.281300717545300338e-01 1.253027893568513518e-01 1.307299758579918147e-01 1.420082696556096702e-01 1.260093048554672412e-01 1.283097624563909744e-01 1.034197355572743365e-01 1.160900901553687248e-01
1.262434524561986404e-01 1.262177756551899066e-01 1.300508177565339318e-01 1.425100383551733407e-01 1.283106727545262338e-01 1.291750925573715014e-01 1.017647626575588216e-01 1.157273874553982757e-01
1.290940033544444865e-01 1.253775969558103831e-01 1.294692177573915082e-01 1.400184919556184959e-01 1.266924349548111395e-01 1.306969594562150394e-01 1.019378198572786776e-01 1.167134753552166310e-01
1.280176075554753379e-01 1.242673120559825151e-01 1.291202333573754635e-01 1.409257096561910838e-01 1.263748075552833527e-01 1.319117221566816489e-01 1.024410052574402513e-01 1.169416020552658808e-01
1.276357758550290267e-01 1.252965458562902978e-01 1.277968299572756206e-01 1.407791401555622823e-01 1.275600579550101865e-01 1.316812828563214133e-01 1.021847900578415902e-01 1.170655769549888425e-01
1.275266470545999009e-01 1.247916109558824260e-01 1.283751292576233161e-01 1.414439557560306093e-01 1.272296952544928750e-01 1.319897137565462231e-01 1.020561484571716193e-01 1.165870991553992764e-01
1.280909799551808448e-01 1.262895935555620186e-01 1.266020946571606853e-01 1.415721553555731038e-01 1.273179319544460730e-01 1.323725135574454481e-01 1.012357794573251757e-01 1.165189511553381407e-01
1.292424913547955967e-01 1.257487345564847203e-01 1.270583153574106894e-01 1.399047495545691078e-01 1.285175711553042666e-01 1.314716789562824506e-01 1.016962808577417526e-01 1.163601778550535093e-01
1.279310917548075188e-01 1.269952740554359805e-01 1.267438054566074057e-01 1.397575598562896537e-01 1.263760303549434916e-01 1.347630701571710665e-01 1.007687879576570911e-01 1.166643800551872279e-01
1.292757640550445120e-01 1.251378760561185632e-01 1.249750545564961568e-01 1.417225854557332965e-01 1.269599022554258327e-01 1.336121602575095491e-01 1.010909188573831108e-01 1.172257381542664012e-01
1.274711304553692581e-01 1.274388993557419580e-01 1.260683021569221351e-01 1.408801808553011847e-01 1.260944414547869874e-01 1.345290799567792905e-01 1.004073520578931678e-01 1.171106133548499018e-01
1.279395825552478161e-01 1.289688378561187065e-01 1.224803546572258844e-01 1.422637018555691912e-01 1.269613325550218996e-01 1.341451149569254098e-01 9.996143685803537959e-02 1.172796383560362060e-01
1.295101362552809887e-01 1.277533561563030939e-01 1.223690061573146082e-01 1.393033298552489307e-01 1.273797104557085058e-01 1.354707441571725568e-01 1.005178304567620751e-01 1.176958861540579049e-01
1.288661159553076418e-01 1.284715880558018331e-01 1.218983339575939184e-01 1.376289220552078807e-01 1.271842550547835349e-01 1.372348654569478243e-01 9.932116545763038096e-02 1.193947536547959043e-01
1.276253698556444327e-01 1.278715047562239138e-01 1.224035174572465773e-01 1.383630023551344068e-01 1.269987663550882218e-01 1.376862101575285213e-01 1.006727483579138993e-01 1.183788803555065189e-01
1.291818462551715951e-01 1.284670199554817094e-01 1.233531648570586059e-01 1.366450169551461646e-01 1.271914696551402768e-01 1.375738339568410296e-01 9.959953095788642852e-02 1.179881170561490195e-01
1.275192259553540042e-01 1.288800139554726609e-01 1.239434696565672178e-01 1.400047267558098274e-01 1.257380314547971445e-01 1.365385715570407443e-01 9.886447555808046406e-02 1.185114847553636469e-01
1.285571895551474442e-01 1.292871073560420137e-01 1.210191584563344303e-01 1.379360115550072041e-01 1.260718891556955046e-01 1.383429192576526578e-01 9.999911205818205751e-02 1.187866122556383852e-01
1.281536790553525762e-01 1.303715331555340695e-01 1.214034389571166661e-01 1.360251593549602345e-01 1.264335993546470971e-01 1.373920138579801387e-01 1.001722153577971619e-01 1.200483605548781224e-01
1.285966187556097096e-01 1.306720114551972733e-01 1.199460880567694704e-01 1.372130665558294327e-01 1.262627132549419551e-01 1.379441724578393536e-01 9.933067675773900318e-02 1.200346523544557065e-01
1.271573858553841918e-01 1.307981229556784697e-01 1.195226659569125216e-01 1.369045307556277236e-01 1.275957264555997728e-01 1.399916782582788510e-01 9.831597205815886809e-02 1.197139173552560776e-01
1.267132422543431336e-01 1.310434859560426768e-01 1.197865577574213775e-01 1.362670921550963865e-01 1.275482333555642556e-01 1.400981195572120197e-01 9.885617315774559988e-02 1.196870954558567762e-01
1.282517736554261989e-01 1.311429411553730051e-01 1.180028631566129999e-01 1.346952174556676207e-01 1.264568515549977235e-01 1.425080303573962037e-01 9.891781425835485808e-02 1.200245080552866245e-01
1.284440451551335516e-01 1.298480768553351150e-01 1.181306774575146129e-01 1.367159105557295973e-01 1.276147863551120587e-01 1.417081899576845272e-01 9.807480715840176388e-02 1.194635061554257943e-01
1.267467052548460482e-01 1.311358188560143856e-01 1.175563934566700858e-01 1.358571209546997338e-01 1.258218644551586662e-01 1.408055476578699006e-01 9.963476915747235263e-02 1.224417798551340059e-01
1.268633521557799293e-01 1.312721614554678840e-01 1.188065446568610378e-01 1.371361536559530525e-01 1.241274244548846578e-01 1.442186847576510667e-01 9.741550355799036276e-02 1.201601749554977727e-01
1.267794301556715297e-01 1.308005534557581950e-01 1.184197851563199982e-01 1.346934364547291985e-01 1.268940530555406898e-01 1.434376103575553119e-01 9.753437715883304937e-02 1.214407538543866572e-01
1.276932131549132488e-01 1.308556617562975088e-01 1.177667494576920132e-01 1.341904571544808855e-01 1.256762372550402351e-01 1.452213109578872063e-01 9.750449465771381108e-02 1.210918752555556061e-01
1.278918539552743039e-01 1.325761815563885893e-01 1.168800190568774905e-01 1.328342957559459081e-01 1.241525196545663068e-01 1.464281927582240239e-01 9.848507875827089419e-02 1.207518581551843551e-01
1.275812870554677014e-01 1.332814838564939375e-01 1.157697577562392943e-01 1.336111935552531937e-01 1.258595542546659674e-01 1.452276524583893669e-01 9.773800495849152559e-02 1.209310657552553903e-01
1.274888128552173483e-01 1.328806726558369455e-01 1.158386672576805776e-01 1.332535788555185008e-01 1.250998478549248116e-01 1.459273420576960301e-01 9.741027765851487108e-02 1.221008004543623349e-01
1.272417995550995107e-01 1.331709147559169415e-01 1.150251398572003231e-01 1.329715073555613192e-01 1.258978995554104197e-01 1.465711621582732604e-01 9.707112945841882279e-02 1.220504469549088533e-01
1.280032050548959577e-01 1.329417546551117379e-01 1.146043836578597153e-01 1.324992839544252288e-01 1.259073080552705892e-01 1.460126647577259240e-01 9.695762405866872879e-02 1.230737754552693464e-01
1.277918048545161056e-01 1.349189173551161303e-01 1.129748915572868634e-01 1.324757295561667103e-01 1.270404149550246053e-01 1.449220809581664715e-01 9.743830585876674111e-02 1.224378545550315611e-01
1.259760361554810304e-01 1.327884591558881333e-01 1.136741805567700464e-01 1.335495856557204764e-01 1.247979150553761296e-01 1.480325843584275602e-01 9.744690765916347308e-02 1.237343310553747633e-01
1.262189164552999787e-01 1.331983334566242683e-01 1.125849618573185607e-01 1.312802984550172636e-01 1.269791052544584353e-01 1.491068321580030220e-01 9.684997705837709858e-02 1.237815749550641303e-01
1.266075213547424860e-01 1.341252526561798331e-01 1.131436758569351747e-01 1.310584051546525575e-01 1.261298681546434153e-01 1.492788295585099900e-01 9.660521385872976319e-02 1.230512330549064781e-01
1.277344272552466131e-01 1.329075674557156084e-01 1.119404655574220420e-01 1.323255318556862958e-01 1.256815544557422781e-01 1.493722767583380850e-01 9.578990605894936727e-02 1.242482702544080442e-01
1.276165673551000190e-01 1.342660470558856012e-01 1.119593434573673135e-01 1.309950161550286207e-01 1.266459458551301709e-01 1.500725089591056216e-01 9.537366815861701708e-02 1.230709026547612828e-01
1.280830873548852722e-01 1.339851718560625127e-01 1.101707661580941244e-01 1.296395693559199147e-01 1.260964814546163826e-01 1.507823473583420060e-01 9.667505185867188156e-02 1.245675242544699302e-01
1.256536937557068967e-01 1.343741540554169445e-01 1.109429748575705976e-01 1.310356654562084000e-01 1.256927084544961770e-01 1.518390517588398825e-01 9.631444455872477384e-02 1.241473067552792270e-01
1.270818324557814738e-01 1.343744986553268572e-01 1.101362311577639558e-01 1.312081272552624023e-01 1.258873508550598375e-01 1.510809846580560833e-01 9.531090745892530081e-02 1.249200671546448205e-01
1.279225952554326196e-01 1.346093853571650734e-01 1.100140230576308054e-01 1.293877904551603286e-01 1.289482120539778287e-01 1.497224704589550093e-01 9.603100955916422932e-02 1.233645134544525263e-01
1.279551677550609667e-01 1.360477511556983932e-01 1.104430325574174004e-01 1.288121575551998133e-01 1.243753325546382155e-01 1.530227060585362397e-01 9.563513255934195934e-02 1.237087194549957442e-01
1.282195411557491282e-01 1.358580065560306138e-01 1.092874066569429203e-01 1.270296243548698634e-01 1.248282680546836942e-01 1.541211861595491450e-01 9.505123095930614885e-02 1.256047357552191601e-01
1.290476514553267062e-01 1.364255601564757781e-01 1.081709017574390558e-01 1.275924517550925674e-01 1.243578748549657859e-01 1.546325080583872691e-01 9.485434115890292728e-02 1.249187104551343630e-01
1.263784584549753343e-01 1.354319050557651893e-01 1.076888728579642879e-01 1.296101866548853565e-01 1.265474997550853631e-01 1.547214127593593003e-01 9.498688235888157194e-02 1.246347817551652498e-01
1.301495094562183930e-01 1.304111957556601253e-01 1.321930447547390031e-01 1.308648443555925078e-01 1.204860226551791591e-01 1.455436492583193353e-01 9.084436246013936900e-02 1.195073709546453089e-01
1.300200797552359400e-01 1.316067238561756114e-01 1.295906645555453263e-01 1.305983289553322713e-01 1.197574980553737650e-01 1.482982944571808459e-01 9.089278936039824064e-02 1.192356206555589271e-01
1.000000000000000000e+00 1.000000000000000000e+00 1.000000000000000000e+00 1.000000000000000000e+00 1.000000000000000000e+00 1.000000000000000000e+00 1.000000000000000000e+00 1.000000000000000000e+00
1.283443976552071375e-01 1.247125072559799458e-01 1.307190803571257054e-01 1.432934378561667998e-01 1.272756392550327686e-01 1.285010899565322828e-01 1.029965817568423841e-01 1.141572655549898951e-01
1.282517892555000705e-01 1.240839357558117251e-01 1.286332059568804365e-01 1.432260207552207010e-01 1.275686811550817423e-01 1.298784847575970292e-01 1.026964316572282210e-01 1.156614503555608853e-01
1.274087247556922875e-01 1.220197659559589115e-01 1.289221807561521660e-01 1.445608161557725702e-01 1.284839598549866180e-01 1.299529885568678489e-01 1.027580360566523465e-01 1.158935275554220379e-01
1.272612138547351279e-01 1.257170795560209886e-01 1.297646334569971527e-01 1.415650429554440592e-01 1.257632195548560872e-01 1.309688788575914253e-01 1.025669148574660100e-01 1.163930165558912794e-01
1.290857033550983357e-01 1.260045172561086446e-01 1.285368513573704463e-01 1.415458884560687747e-01 1.263385100548116424e-01 1.302621782574536757e-01 1.031191498571175091e-01 1.151072010549060859e-01
1.281797142557664637e-01 1.248388173558061809e-01 1.279553248573076230e-01 1.410540267558911542e-01 1.275393817556957909e-01 1.320709261575904181e-01 1.024668692570505496e-01 1.158949392543281859e-01
1.281844599559103792e-01 1.253170960563877723e-01 1.282059723577492483e-01 1.402054270551816861e-01 1.278304650550505239e-01 1.320083048569913320e-01 1.014338813569224118e-01 1.168143929550830434e-01
1.271816232547266223e-01 1.260451715556129004e-01 1.282021971574462682e-01 1.413667158551200898e-01 1.274955901560236859e-01 1.326962084565662392e-01 1.010824520576873581e-01 1.159300411556494215e-01
1.272677338550581849e-01 1.270005914564015514e-01 1.272137475571957221e-01 1.406579679558308538e-01 1.269086900544152963e-01 1.325371569569584185e-01 1.028841746571071136e-01 1.155299371554924237e-01
1.283208524547232721e-01 1.282770258555374909e-01 1.249769659568881613e-01 1.396417340560288656e-01 1.281559350548372167e-01 1.328499591569802241e-01 1.013291686574939454e-01 1.164483584557314960e-01
1.284439342557220087e-01 1.271330064554606620e-01 1.246743952574291686e-01 1.404224348551813550e-01 1.284939451546338318e-01 1.339610851560697480e-01 1.011619081579420848e-01 1.157092903553401247e-01
1.270596582551936360e-01 1.284497985555389521e-01 1.245214936566030745e-01 1.407781454562213874e-01 1.272332961547897046e-01 1.335611925570275305e-01 1.014451656579716254e-01 1.169512493553784283e-01
1.275210282548200902e-01 1.290162427555760494e-01 1.239755887570365700e-01 1.382960510554611389e-01 1.282511431550839853e-01 1.340825797569791256e-01 9.973308175760060845e-02 1.191242841551374693e-01
1.286109786548851330e-01 1.275404758550392204e-01 1.222485573577855589e-01 1.402775532559342175e-01 1.272076464548418384e-01 1.355051617569586198e-01 1.001426783580322000e-01 1.184669479562937416e-01
1.287934272555969761e-01 1.280452407549749205e-01 1.216648669569944524e-01 1.381893230552235230e-01 1.276196598552014061e-01 1.359003219576004062e-01 1.011880561566594755e-01 1.185991036544906951e-01
1.275214174551566604e-01 1.277721168559597942e-01 1.233683528566520277e-01 1.388988105557280583e-01 1.269373017542741733e-01 1.367276728577286882e-01 9.978623455742892390e-02 1.189880927556079271e-01
1.296939060548630840e-01 1.309117992560983323e-01 1.222605394564387910e-01 1.381690821559473648e-01 1.267166858546915353e-01 1.368806589572983401e-01 9.856094065880190158e-02 1.168063872554964827e-01
1.270448085551743322e-01 1.270681417559025583e-01 1.214174312571696529e-01 1.400292776556173457e-01 1.267211760553531574e-01 1.380833384569803979e-01 1.011910270576012322e-01 1.184447988555116793e-01
1.291136262560630688e-01 1.321402027550181435e-01 1.218668166572893646e-01 1.377826737556276937e-01 1.263489028550954241e-01 1.366029801575895652e-01 9.958826615773588853e-02 1.165565310549477873e-01
1.288496034552037428e-01 1.290394341549129242e-01 1.224866086572014845e-01 1.370551589557792160e-01 1.252608287550504573e-01 1.390642306575300968e-01 9.939396985821993824e-02 1.188501651554275673e-01
1.298691981551586550e-01 1.307152658558873026e-01 1.210053639565545625e-01 1.362359768553745576e-01 1.261673086550204603e-01 1.385501185572794169e-01 9.906674045781510562e-02 1.183900271550630406e-01
1.290865224544071876e-01 1.302899962559668223e-01 1.209064127564715985e-01 1.368059236556234681e-01 1.270814870562454180e-01 1.398944919579340473e-01 9.921929775798399298e-02 1.167158677551365098e-01
1.275465334552836338e-01 1.297940832560861568e-01 1.188730832574808050e-01 1.378241321543992037e-01 1.279122737543957611e-01 1.388083629576133127e-01 9.902984815732901458e-02 1.202116826553862594e-01
1.274227841550648610e-01 1.325345524555113785e-01 1.197754876574142480e-01 1.366150810548212857e-01 1.279109245556618868e-01 1.390664365583183237e-01 9.786783095750065109e-02 1.188069022548805531e-01
1.290426239547356468e-01 1.311182843557441857e-01 1.174744822568170727e-01 1.367696311554388588e-01 1.259070357557537656e-01 1.421245148580125850e-01 9.907307885804925163e-02 1.184903484550202390e-01
1.287172526561591868e-01 1.314069903559257901e-01 1.184734021563545042e-01 1.348706914540699353e-01 1.277179466552751941e-01 1.415260119580381559e-01 9.821720015806277571e-02 1.190705042555802867e-01
1.283951104558429257e-01 1.306254056555196941e-01 1.171507419564407348e-01 1.355411506560454671e-01 1.271804888545034207e-01 1.430398628568035624e-01 9.788691735866598964e-02 1.201803218554337721e-01
1.292013195550668625e-01 1.321887775555142253e-01 1.161084558566845976e-01 1.329342849551736205e-01 1.266350072551347128e-01 1.426939162582004650e-01 9.872768615829534411e-02 1.215105520548879908e-01
1.272965917554834958e-01 1.318439616562235572e-01 1.160865932563710234e-01 1.354724586555942356e-01 1.264175631551152923e-01 1.419550362578643199e-01 9.872596865862857951e-02 1.222018262543732303e-01
1.277927728543407915e-01 1.337672461561543180e-01 1.158439875569515637e-01 1.347095135562361712e-01 1.252117983546907343e-01 1.439071501575087675e-01 9.708710565867062492e-02 1.216804253552563886e-01
1.294667854551503627e-01 1.331859167564287405e-01 1.165620967568853084e-01 1.327920595543853888e-01 1.267653728554117287e-01 1.433807728576920737e-01 9.752992215831175760e-02 1.203170732550951638e-01
1.278095174548724011e-01 1.341334854560350121e-01 1.153753655580101040e-01 1.343215128554919868e-01 1.256012327543908902e-01 1.449787030578608693e-01 9.821755585823906121e-02 1.195626266547569067e-01
1.288108761546605807e-01 1.332404506547326672e-01 1.136313534563267169e-01 1.321026874554340480e-01 1.266899660552790463e-01 1.459632095581882005e-01 9.666131385937329346e-02 1.229001424556908639e-01
1.288189138555184687e-01 1.335125072561363369e-01 1.141194369570372597e-01 1.334238231560817278e-01 1.255875218550154271e-01 1.457733674580347916e-01 9.608718235869773139e-02 1.226772467545393791e-01
1.278547608549098213e-01 1.338093240556207930e-01 1.147746065568053531e-01 1.331109982550288673e-01 1.259197817556632626e-01 1.460840148581017961e-01 9.721159705907289617e-02 1.212349162545324072e-01
1.279884854552989504e-01 1.321219919565151946e-01 1.142979767567325194e-01 1.317960921557619625e-01 1.259415914555669092e-01 1.476147429574466430e-01 9.733110775812314763e-02 1.229080111546554388e-01
1.274340733542987381e-01 1.341589621559719503e-01 1.120091811571029827e-01 1.322126599552872483e-01 1.275898695555850171e-01 1.483002548586636327e-01 9.569000705916963501e-02 1.226049915549561609e-01
1.284561081553485251e-01 1.336294627556339210e-01 1.128412060569263381e-01 1.315506061553588235e-01 1.267704852557009210e-01 1.486523099586714858e-01 9.614701735884403910e-02 1.219528039553708643e-01
1.272370650551638283e-01 1.345628841562464539e-01 1.120489322573809260e-01 1.315013781554784655e-01 1.251057769545354248e-01 1.491903623579782789e-01 9.589369305867338766e-02 1.244599076547661803e-01
1.278406319551500525e-01 1.346677889572490128e-01 1.110773165573347293e-01 1.317525348550212250e-01 1.264354976547127085e-01 1.499721947583951553e-01 9.506647445864697954e-02 1.231875604556776638e-01
1.282009953554003601e-01 1.336379928561235719e-01 1.107851207568553431e-01 1.322724725554828007e-01 1.270448357550493790e-01 1.490803651583982592e-01 9.536387555868350296e-02 1.236143416548959872e-01
1.283195037539635319e-01 1.358616307559711578e-01 1.109900268573289772e-01 1.303224599551769114e-01 1.250038668548938969e-01 1.506402141586244414e-01 9.494041625906118886e-02 1.239218810558352368e-01
1.267315726552791788e-01 1.369074975565779673e-01 1.110849019564047468e-01 1.293690948548962827e-01 1.242923316554035984e-01 1.514495798589933495e-01 9.556954885810779732e-02 1.245954722543838045e-01
1.263336642547596977e-01 1.365565511559342360e-01 1.102949420576532502e-01 1.298145541559876104e-01 1.250846658541329703e-01 1.522766737593162500e-01 9.606624595825044577e-02 1.235727024553454623e-01
1.273249429551695233e-01 1.352642909561996010e-01 1.093656262571733873e-01 1.290126368552054203e-01 1.265600726555732025e-01 1.516571347585830842e-01 9.628110595842406805e-02 1.245341892540595269e-01
1.277467331555315333e-01 1.354989746557908881e-01 1.091922864575924218e-01 1.295033879551416300e-01 1.259210312540910148e-01 1.525810648594669305e-01 9.395004885870590627e-02 1.256064724559475820e-01
1.306646612564177357e-01 1.296128904560138462e-01 1.319843112556776943e-01 1.336703667558997444e-01 1.194789335537921882e-01 1.458378265584711619e-01 9.052769216031253396e-02 1.182233176549652570e-01
1.298331567565136346e-01 1.308520295562913549e-01 1.318024923559037165e-01 1.312275629557138612e-01 1.201790911552527708e-01 1.477711308578495975e-01 9.095473786024987906e-02 1.173797981546267910e-01
1.323639827563325433e-01 1.305669530553417168e-01 1.310996902554362187e-01 1.313712880567531049e-01 1.198440603546346017e-01 1.453165225590455911e-01 9.013962816025036795e-02 1.192978744542137481e-01
1.000000000000000000e+00 1.000000000000000000e+00 1.000000000000000000e+00 1.000000000000000000e+00 1.000000000000000000e+00 1.000000000000000000e+00 1.000000000000000000e+00 1.000000000000000000e+00
1.000000000000000000e+00 1.000000000000000000e+00 1.000000000000000000e+00 1.000000000000000000e+00 1.000000000000000000e+00 1.000000000000000000e+00 1.000000000000000000e+00 1.000000000000000000e+00
1.305901571559783536e-01 1.255250760559284418e-01 1.301090639567470120e-01 1.418586831555881667e-01 1.269011192547712108e-01 1.270348597569508631e-01 1.033539387568890161e-01 1.146271015559964662e-01
1.269077588548161162e-01 1.263042999568998181e-01 1.297195941573369149e-01 1.416537983553888824e-01 1.288451435549526625e-01 1.286905923564575227e-01 1.029678770567218626e-01 1.149109353552283108e-01
1.288181624544046944e-01 1.267953481559316864e-01 1.289210106575427173e-01 1.420185448552737928e-01 1.290277289548100170e-01 1.286266050567319852e-01 1.023962836572807344e-01 1.133963158551512668e-01
1.280599574552266084e-01 1.252191546551965906e-01 1.288213952577339783e-01 1.431342620556178002e-01 1.268546486541437257e-01 1.298847850556121564e-01 1.025522300574382983e-01 1.154735664550369245e-01
1.286646421547057717e-01 1.282420069556530762e-01 1.287652123571946805e-01 1.396840459558013892e-01 1.273439158552842343e-01 1.305317298569060036e-01 1.015838228568954060e-01 1.151846236561823861e-01
1.282937959548950124e-01 1.268260001551232419e-01 1.272680654573807024e-01 1.426047227549887553e-01 1.278576502553465943e-01 1.310739733575959076e-01 1.010000591580130225e-01 1.150757325556718419e-01
1.281841905556570516e-01 1.258813268552684550e-01 1.275375659562090758e-01 1.422741536557005915e-01 1.270247044542069659e-01 1.320258062572155777e-01 1.024627468574693390e-01 1.146095050554284955e-01
1.297608671551893633e-01 1.265034923557636082e-01 1.256525937576543628e-01 1.395899989554273135e-01 1.276509352543428732e-01 1.329520690579714948e-01 1.011115540573897936e-01 1.167784890546794824e-01
1.289938497563409558e-01 1.269977750560735974e-01 1.277905598568731260e-01 1.387564430558696216e-01 1.261922442551060008e-01 1.333237176574045002e-01 1.012132845569614359e-01 1.167321254551664800e-01
1.272393744552452188e-01 1.278541619557855280e-01 1.268386021579446521e-01 1.400243943556700732e-01 1.264278874549595866e-01 1.342833578577838360e-01 1.017040429567896004e-01 1.156281784562879222e-01
1.284398517557315822e-01 1.269111005553231752e-01 1.239679635563869092e-01 1.405093579562352868e-01 1.271632836548242385e-01 1.331746971567599747e-01 1.025246287577065707e-01 1.173091162557908379e-01
1.274456571547799566e-01 1.293000720556030103e-01 1.250007118575033604e-01 1.378998016558246609e-01 1.267532673547554500e-01 1.340300749570776662e-01 1.008840858568744586e-01 1.186863287554241891e-01
1.293949763558683297e-01 1.285853124564931282e-01 1.238057188570130668e-01 1.394728934543696675e-01 1.278756029543740569e-01 1.329843514567196627e-01 1.013505063574570986e-01 1.165306377556163814e-01
1.283422512547163774e-01 1.299223340552830563e-01 1.239774085574091161e-01 1.392404596552803131e-01 1.274604090546241353e-01 1.349517911588356267e-01 9.968198265791894386e-02 1.164233632559457804e-01
1.275898966546503144e-01 1.281754950550826611e-01 1.242232023570691846e-01 1.381220919547849479e-01 1.271919779558714769e-01 1.357060842573277748e-01 1.003332122576749141e-01 1.186580391556502634e-01
1.293320895556275829e-01 1.291441128556160833e-01 1.225068790567507282e-01 1.401783578555131637e-01 1.265609756545043596e-01 1.364628794580023119e-01 9.861449055764770488e-02 1.172002146552457991e-01
1.272104161551284862e-01 1.297986876562435554e-01 1.210550591572834706e-01 1.383242076551504940e-01 1.282288077553424555e-01 1.354236759582780891e-01 1.003269079569902855e-01 1.196322373554092461e-01
1.295795995554940294e-01 1.302889282560345807e-01 1.204414315568033966e-01 1.351466165548622644e-01 1.284710463554038784e-01 1.375724568576010276e-01 9.994943485785393045e-02 1.185504856552648395e-01
1.287228402553579065e-01 1.309269186557352749e-01 1.208727042572586424e-01 1.376436457551521164e-01 1.264699598549366699e-01 1.371536113562834558e-01 9.939491425854866946e-02 1.188154052556665424e-01
1.272861243541553167e-01 1.306712738555819986e-01 1.216295924571552667e-01 1.368930452561757105e-01 1.261404638551948676e-01 1.391776627574587144e-01 9.969644945749375764e-02 1.185053876550975077e-01
1.281436301552722479e-01 1.314951418561079999e-01 1.196600594567048953e-01 1.369563041549900495e-01 1.250725692545421319e-01 1.397116823578490596e-01 1.003530244570686319e-01 1.186075879557730028e-01
1.286004125549981836e-01 1.311680883565480848e-01 1.207410126568536635e-01 1.369130700552839142e-01 1.273148478554189944e-01 1.367770908581688594e-01 9.850604885807948130e-02 1.199794284545559614e-01
1.280803611547734477e-01 1.301412203557675562e-01 1.183854438570708656e-01 1.368788344548715896e-01 1.261278047551074866e-01 1.398857474579724980e-01 9.999790435744000672e-02 1.205026832554772082e-01
1.289385998556258073e-01 1.307746096564113836e-01 1.176620913574525223e-01 1.351825779548411766e-01 1.269322371555599294e-01 1.416698056585947163e-01 9.885395605690398824e-02 1.199861219542147917e-01
1.279153281551546895e-01 1.326301994561276676e-01 1.192929373563072076e-01 1.359757781557907608e-01 1.249089614553151595e-01 1.405131434578972549e-01 9.906976985715401640e-02 1.196938817554529383e-01
1.284985021553918805e-01 1.318972560560811580e-01 1.183160799572450794e-01 1.335742981549071784e-01 1.262285212549245639e-01 1.418343818578822468e-01 9.915141965807006130e-02 1.204995405546807341e-01
1.268827325555487440e-01 1.328348969558349746e-01 1.173514214574197106e-01 1.357241835553147924e-01 1.273914154545801591e-01 1.400589938575610427e-01 9.820864755886292430e-02 1.215477082544193926e-01
1.274505574544887443e-01 1.342227521550158620e-01 1.173632905571844048e-01 1.363034886556391267e-01 1.255233370554103556e-01 1.420864964578890111e-01 9.681403445810625452e-02 1.202360428556367711e-01
1.264492628550984987e-01 1.332495459553624251e-01 1.176295525564040045e-01 1.343335082557780835e-01 1.260095050541433781e-01 1.430411828578750655e-01 9.817848425793718192e-02 1.211089578549207207e-01
1.292994828554226983e-01 1.331436088561735176e-01 1.158105114573151628e-01 1.342378710543274956e-01 1.262047383550444490e-01 1.422917620577618947e-01 9.759560905857811441e-02 1.214164159547139743e-01
1.287217761550216999e-01 1.336640287562888552e-01 1.147149465566636301e-01 1.337466013558396005e-01 1.264704204548064703e-01 1.439017392581463106e-01 9.658142435866523545e-02 1.221990627545986724e-01
1.285741177541383506e-01 1.324527500556803017e-01 1.153666813568173938e-01 1.329902173552066080e-01 1.272425644551138102e-01 1.454363695573128168e-01 9.716573735879596718e-02 1.207715617552060500e-01
1.290047536541260309e-01 1.329303394565515828e-01 1.154387149570992588e-01 1.334391863555330071e-01 1.266860232547233900e-01 1.451754801579942245e-01 9.786474445795709243e-02 1.194607573555531849e-01
1.281483211548568590e-01 1.346693615557328361e-01 1.147067757564884799e-01 1.332000473559818710e-01 1.274779355539588932e-01 1.438600952579409120e-01 9.645127085857897742e-02 1.214861921549970636e-01
1.289998544552738713e-01 1.342092506556946396e-01 1.147604372565336345e-01 1.314987751553376716e-01 1.253468017548601821e-01 1.459501186584593047e-01 9.795099115785867172e-02 1.212837705555351586e-01
1.282810082540366270e-01 1.346182124559190396e-01 1.135806438573868787e-01 1.321977168555412419e-01 1.267349606558882680e-01 1.474079754579713519e-01 9.608030985832610726e-02 1.210991722555311428e-01
1.281983287547529826e-01 1.331031671559787244e-01 1.123162775571400901e-01 1.322908477544507133e-01 1.272945530550076976e-01 1.471176699580270530e-01 9.756738955879196151e-02 1.221117658546429091e-01
1.295544349556145280e-01 1.348196158550931667e-01 1.137079585573957108e-01 1.307498288554307941e-01 1.264670815553352867e-01 1.480070270588212389e-01 9.575728645865379252e-02 1.209367663554785782e-01
1.287081559549650422e-01 1.347982061561088518e-01 1.130177686570512513e-01 1.295919195557189429e-01 1.267619239552587873e-01 1.477572488582454824e-01 9.590769985836761213e-02 1.234570766552913201e-01
1.280229843552143365e-01 1.365893582554822960e-01 1.113165286567710383e-01 1.295684503557618383e-01 1.259770083555357412e-01 1.494722970581863486e-01 9.672572945795597510e-02 1.223276431548305371e-01
1.273140932545560322e-01 1.365546488562079663e-01 1.107157654584672302e-01 1.307006185552303801e-01 1.265330435553203292e-01 1.498284571576933566e-01 9.523403765869106752e-02 1.231193351547539838e-01
1.283757530549888559e-01 1.340849289558805335e-01 1.110720219576809414e-01 1.301981372563404404e-01 1.261240237550942667e-01 1.496959513583057122e-01 9.609178445864077767e-02 1.243573988551449211e-01
1.264913469552313985e-01 1.364998055557501144e-01 1.108735204576681566e-01 1.297436905549853026e-01 1.263327950549720802e-01 1.514403901584592538e-01 9.514360725839009214e-02 1.234748436553620293e-01
1.290587034553546952e-01 1.356304057554798548e-01 1.101288181576277891e-01 1.284741252553997237e-01 1.268011323552352687e-01 1.504088309591316008e-01 9.466464215887067379e-02 1.248333415550218345e-01
1.320843592561684876e-01 1.309015119548226358e-01 1.329420381555991570e-01 1.332815657556648548e-01 1.199358113552692895e-01 1.435836210573403771e-01 9.029235046003902809e-02 1.169787416557507426e-01
1.312986186562788982e-01 1.290721919553768360e-01 1.341737872555427147e-01 1.334505493557150702e-01 1.187020901550507046e-01 1.437172139579883101e-01 9.141350816010555824e-02 1.181720401546332011e-01
1.309394721564503261e-01 1.300979067551635282e-01 1.332662542573202491e-01 1.315819812552813384e-01 1.203361441553918998e-01 1.445454052568893588e-01 9.154769015950169064e-02 1.176851456547765573e-01
