1.561251818467683794e-01 9.851483695835595855e-02 9.880858485751561893e-02 1.461240186451832901e-01 1.571192967468509893e-01 9.892054595810595430e-02 9.813860385741780823e-02 1.462489307450882126e-01
1.534534198464700960e-01 9.881139335877854590e-02 9.647872905887756867e-02 1.505952559448976991e-01 1.555952187457509406e-01 9.931889595762813383e-02 9.602394635881232599e-02 1.497231403462730981e-01
1.488777548448166899e-01 9.840570065824462420e-02 9.606228075824572998e-02 1.559270825451597176e-01 1.495832359447603899e-01 1.009583191578819761e-01 9.573609655909982863e-02 1.544495291464610676e-01
1.424868582443648835e-01 9.810180675730291455e-02 9.390300765914982861e-02 1.646684308452414369e-01 1.425374057455640053e-01 9.866031715770566535e-02 9.317997886022359733e-02 1.664621943466262077e-01
1.372237583447162290e-01 9.855193815686739967e-02 9.235918466015474726e-02 1.691087642481052533e-01 1.407227245440875463e-01 9.846604955831306238e-02 9.283690526024231116e-02 1.707306748508085337e-01
1.334263326446627762e-01 9.971860545702600220e-02 9.178857446080354587e-02 1.743728230536757684e-01 1.361222525442703779e-01 9.984286785698709421e-02 9.134572396047391241e-02 1.733828196529801080e-01
1.296045697439332234e-01 9.753195315760618267e-02 8.935392786176102331e-02 1.841930639647433865e-01 1.277501254426664790e-01 9.954122305646719016e-02 8.908981526209447388e-02 1.829353211633503729e-01
1.248471632441515156e-01 9.896353245672367960e-02 8.754610716232014145e-02 1.907066654701947694e-01 1.234279824440184803e-01 9.796275215713905193e-02 8.805472106188820536e-02 1.884910756674635646e-01
1.198662802442291148e-01 9.806948755702750431e-02 8.589840816291423320e-02 1.952392849744851444e-01 1.189315164443481010e-01 9.809178495603153303e-02 8.608838696250738221e-02 1.978148503755096654e-01
1.154994266441265738e-01 9.829144285668192649e-02 8.409169776419214704e-02 2.031405837753370858e-01 1.162260178450569698e-01 9.772335335669397882e-02 8.301020346389485771e-02 2.020172739754642621e-01
1.115659869468477727e-01 9.893224875663213236e-02 8.197588666383981426e-02 2.063073125801980767e-01 1.113763093463098208e-01 9.869415375632081822e-02 8.231129536403902769e-02 2.088368062825819715e-01
1.079578122457430095e-01 9.830820245647294009e-02 7.966867356332317518e-02 2.102361797817639544e-01 1.096316296451635280e-01 9.808657475584046936e-02 7.951329696425081528e-02 2.165976302851497781e-01
1.040613632468653238e-01 9.964241275636712136e-02 7.863909966406744390e-02 2.187691199878386283e-01 1.028509173472592075e-01 9.903432955703102281e-02 7.803203206441818029e-02 2.189707250866765598e-01
1.013819499469370000e-01 9.897497625580406466e-02 7.635239296389798036e-02 2.237812670876375698e-01 1.010137490481940459e-01 9.842422515609396128e-02 7.547351686390704750e-02 2.245979223895055443e-01
9.795663934831608244e-02 9.896739575557322866e-02 7.445265716460189309e-02 2.304196924914700129e-01 9.565007684944060173e-02 9.871017195653086773e-02 7.416937516392294039e-02 2.296739909900528120e-01
9.538661084894473063e-02 1.005329714565656868e-01 7.291054176414979437e-02 2.312933905931044420e-01 9.599408705019384092e-02 1.003649455557832915e-01 7.201825656435219269e-02 2.314991958915151027e-01
9.037130145271420056e-02 1.005849388556274149e-01 7.090887516424021486e-02 2.375843787944091900e-01 9.249816295024555768e-02 9.989466605550650913e-02 6.977342336434072534e-02 2.383842530932319959e-01
8.983767235156074615e-02 1.023801371558669404e-01 6.892542386486021078e-02 2.383078347930456253e-01 8.899178915171170046e-02 1.020099037549035831e-01 6.850882076418048083e-02 2.410384178930058408e-01
8.674999865504327834e-02 1.020686667559671246e-01 6.700429406470027882e-02 2.449796234965563868e-01 8.492366235596265911e-02 1.031196842550135967e-01 6.729577046458692924e-02 2.438582996964585026e-01
8.598708295567779325e-02 1.045400320547039824e-01 6.499476456475489217e-02 2.420594886959034076e-01 8.658399515501402632e-02 1.048218574550133508e-01 6.454676806572529069e-02 2.464660107985522097e-01
8.234103095667748284e-02 1.054931076551803015e-01 6.326182416469983139e-02 2.486998053959186827e-01 8.410448735616513072e-02 1.048760763548802211e-01 6.353841656492750789e-02 2.476852512964934916e-01
8.377128435660734229e-02 1.078767197538643280e-01 6.151923516496557443e-02 2.506918178996105362e-01 8.362810965692263343e-02 1.078045255547879500e-01 6.210468306562715035e-02 2.426036242956845224e-01
8.015372525734990039e-02 1.106367701545692556e-01 6.056288026588418222e-02 2.518827792997325732e-01 7.960208415766927004e-02 1.092542596549219841e-01 6.002681286568815888e-02 2.478806880966338555e-01
8.164758295477596295e-02 1.124047774535290867e-01 5.908796366590866878e-02 2.483919043976790531e-01 8.103459715612090775e-02 1.129292705534034186e-01 5.932667176573198226e-02 2.451772317952608249e-01
7.994749925649868860e-02 1.167055671541293721e-01 5.805023946679760405e-02 2.471061868978916831e-01 7.828424525761507047e-02 1.167835956541661002e-01 5.788118156621874927e-02 2.452414844969118823e-01
8.010647475731018374e-02 1.175608901540149409e-01 5.638457286684109976e-02 2.462028571949146649e-01 7.827741215676900510e-02 1.193692502536017053e-01 5.647929256679179444e-02 2.456192497975252520e-01
7.890583615753229973e-02 1.230304221535062220e-01 5.526148106746295308e-02 2.410942840956777078e-01 7.958566435791458726e-02 1.235389067545572678e-01 5.594199116773381636e-02 2.426414139961490801e-01
7.799191155812752740e-02 1.269918883540410715e-01 5.402780776773381116e-02 2.443592447971012493e-01 7.957859175707132637e-02 1.244879865539218061e-01 5.419095666816168416e-02 2.383716122927826697e-01
7.875216105624578689e-02 1.314731582536428356e-01 5.340974996839294858e-02 2.384851533935983536e-01 8.011245305630160241e-02 1.301789249543198468e-01 5.327847306801811178e-02 2.343099259936122225e-01
7.989162385749988549e-02 1.357821937549175129e-01 5.245709356855981359e-02 2.326888093922070688e-01 7.882829765686200085e-02 1.364870127550213974e-01 5.223926166855045322e-02 2.316257070909149285e-01
7.900853845740637982e-02 1.401448665550543426e-01 5.154077006891292362e-02 2.284140579907614765e-01 7.829373725742810874e-02 1.395651507550218218e-01 5.129286156899624805e-02 2.317400170894940159e-01
8.018485545678970261e-02 1.441238831549232213e-01 5.048506606942421843e-02 2.231801090877758298e-01 7.935801105726039695e-02 1.463937351546806542e-01 5.068854106933305681e-02 2.255857986902015389e-01
7.986338925701523539e-02 1.507057974565289837e-01 4.999258447023333107e-02 2.189898363882283594e-01 7.841689195733808626e-02 1.490528913558407387e-01 4.962570987064377631e-02 2.233528989910708307e-01
8.191403365699710670e-02 1.566822505571583146e-01 4.907513267038365878e-02 2.128306325821906764e-01 8.241966855717533513e-02 1.565865749558934816e-01 4.924061657012254040e-02 2.112510901828846266e-01
8.177515865854198540e-02 1.603966341569013077e-01 4.849709117050722551e-02 2.106246133821196020e-01 7.951365915832007969e-02 1.614105019576564382e-01 4.842057267083319655e-02 2.093617685831906383e-01
8.081731685715808078e-02 1.663801291578140551e-01 4.741810137180003937e-02 2.058511127807959862e-01 8.143384535651761180e-02 1.657476789578538612e-01 4.747851117131628162e-02 2.048733040801061223e-01
8.320301835786798883e-02 1.745656656644370419e-01 4.700495297155946745e-02 1.965690997741800228e-01 8.295606275809165597e-02 1.726052067628813524e-01 4.707337277207726545e-02 1.960226206743215793e-01
8.474350275777500774e-02 1.839765381716564063e-01 4.625472867206000677e-02 1.887123119677227290e-01 8.402354935815246895e-02 1.801243109681414101e-01 4.646127827156762424e-02 1.857037795673421310e-01
8.547805545703256180e-02 1.874544645737598880e-01 4.583852267270912412e-02 1.790484402609992531e-01 8.481139725767226911e-02 1.871873450725871080e-01 4.592160387322447024e-02 1.842601705674013490e-01
8.654418565658357487e-02 1.915013159768347850e-01 4.522461557297843826e-02 1.747829987553728426e-01 8.731632515629277058e-02 1.940609326784720756e-01 4.545850127350228864e-02 1.751111246555238643e-01
8.798181895554285648e-02 1.956566926794985339e-01 4.460772557371102398e-02 1.684372328502292682e-01 8.797296375498814269e-02 2.028807978834623049e-01 4.491295517385084785e-02 1.675498128499983974e-01
9.065135295461314302e-02 2.073652392848859827e-01 4.387200987462475110e-02 1.610658549494170533e-01 8.773238455661641622e-02 2.069027718849501263e-01 4.355025577456520663e-02 1.588601304492605060e-01
9.014299555465887792e-02 2.135479884866622324e-01 4.337287917525909503e-02 1.519894777483753179e-01 8.953324895442926756e-02 2.137781574880146529e-01 4.410719957423736570e-02 1.535280527489101821e-01
9.146734115605598125e-02 2.204572894887966983e-01 4.328605337482399618e-02 1.436021762481334563e-01 9.229115565534323773e-02 2.207345207903819440e-01 4.336147797498985518e-02 1.447999850477709183e-01
9.426186145367680680e-02 2.275076438922449817e-01 4.278500877534416325e-02 1.362676315476852862e-01 9.335698665438205146e-02 2.264805239923858293e-01 4.276872287546822776e-02 1.365716205495197400e-01
9.548310145391002146e-02 2.319921730934750570e-01 4.227671307596700401e-02 1.286899495477068778e-01 9.563947255393305535e-02 2.340624701951715403e-01 4.231509827589667594e-02 1.295410215478242644e-01
9.628227925335505755e-02 2.394819184947611368e-01 4.235340477641560963e-02 1.219574770489730009e-01 9.757221905391877392e-02 2.373354216959463470e-01 4.196387807620524657e-02 1.230534013498539858e-01
9.668077465384093683e-02 2.447632708966155646e-01 4.145584967634924345e-02 1.178915861495585388e-01 9.480397235422695357e-02 2.455492420967016476e-01 4.162898117648854840e-02 1.172263227503099331e-01
9.819312985313288777e-02 2.507795622980527606e-01 4.069391707750560916e-02 1.108712585506204107e-01 9.699622825480051780e-02 2.509517848972956378e-01 4.110638887692884963e-02 1.104077299510004412e-01
9.920633235351339341e-02 2.553212874982239144e-01 4.017067817746935998e-02 1.043278436515554380e-01 9.894414235363362120e-02 2.564237804982216762e-01 4.037140117768895503e-02 1.052345340520351585e-01
1.261654484559040779e-01 1.249697425562357328e-01 1.246925376557567883e-01 1.248506652560685409e-01 1.233018623559720278e-01 1.253213512565208854e-01 1.256794115563933112e-01 1.250189805551795430e-01
1.211361770390894238e-01 7.974766095960025836e-02 1.576167789600204094e-01 3.623640859166135653e-01 1.138716066388515968e-01 1.068371465529777686e-01 2.428639530023316701e-02 3.414014838206058666e-02
1.189517146392983921e-01 7.861000545978585885e-02 1.525096614596418432e-01 3.763831832151545709e-01 1.105700606359202032e-01 1.045207332531910976e-01 2.410311440090416937e-02 3.435152668111561558e-02
1.123640818396817315e-01 7.902559565912335715e-02 1.497260954600095062e-01 3.889262084145075904e-01 1.055018174399525721e-01 1.063556166526494762e-01 2.371277960210084468e-02 3.438780468086472669e-02
1.081651424430978281e-01 7.740834106009632232e-02 1.432982607599580793e-01 4.090039115148521032e-01 9.979248924239240981e-02 1.047137293531093805e-01 2.328339170342095740e-02 3.433473368114746405e-02
1.036511326439159969e-01 7.600678895970058857e-02 1.381107060592227653e-01 4.307896191142286391e-01 9.073707364860404689e-02 1.036615174529974398e-01 2.280553700454454255e-02 3.423762488139565907e-02
9.832253304476686051e-02 7.756619675937105607e-02 1.365476421600562984e-01 4.413022220137230445e-01 8.753357495069831462e-02 1.028579501527252943e-01 2.253273170556730279e-02 3.333714898287677003e-02
9.744008114589763903e-02 7.566523635974739537e-02 1.292022821583828640e-01 4.558668701131983192e-01 8.472779055200203857e-02 1.014466523521152103e-01 2.204115660700966747e-02 3.360993048171898728e-02
8.850285035168521663e-02 7.498772206033474386e-02 1.241705042590451197e-01 4.739479462142655031e-01 8.391183475199764930e-02 1.002329982533739644e-01 2.177443720813512784e-02 3.247170668343898198e-02
8.605353985323542509e-02 7.397958445994635979e-02 1.194685913583076742e-01 4.925005270113541056e-01 7.629832395369880171e-02 9.837056575310065831e-02 2.119458231031972825e-02 3.213428508379023718e-02
8.700039915147628200e-02 7.577105706003960106e-02 1.159269884583585958e-01 4.884727902136477562e-01 7.725994405322469949e-02 1.013238041523007171e-01 2.124814401026332844e-02 3.299687268204345991e-02
8.111621265564213090e-02 7.517034086088239531e-02 1.110895404593337105e-01 5.068912126132666396e-01 7.120954605594523312e-02 1.000982232530801125e-01 2.092363601119920022e-02 3.350128788243866840e-02
7.915858705480124935e-02 7.534211906072590947e-02 1.069794659587674224e-01 5.172921415116861210e-01 6.953084975543000201e-02 9.868539695308221893e-02 2.040116371093430442e-02 3.261027578442247249e-02
7.948558595428398266e-02 7.793028216021996579e-02 1.033026225590498309e-01 5.156720817115150179e-01 6.776547765689981684e-02 1.016589400527174725e-01 2.057487301103783431e-02 3.361013668244295510e-02
7.654847325489738674e-02 7.602869995980891804e-02 9.912393475980710300e-02 5.311365110100522147e-01 6.502274675749231125e-02 9.955702815284650509e-02 2.006788461092861783e-02 3.251472128245617987e-02
7.268135495616094566e-02 7.722337526019856790e-02 9.595764476064352899e-02 5.347827091116058584e-01 6.331731955840011472e-02 1.020784235526271677e-01 2.011722051088452728e-02 3.384195208135253041e-02
7.156754445651448970e-02 7.796451756116688780e-02 9.144042406262486988e-02 5.451092161111065204e-01 5.924539956113143019e-02 1.015840361533132813e-01 1.977438311069082411e-02 3.331447878276729696e-02
7.167254385658200500e-02 7.990768176056504968e-02 8.888231926233400304e-02 5.351348130104832679e-01 6.259858085731889732e-02 1.062884522517254515e-01 2.022127041090986121e-02 3.529433837962452081e-02
6.915618075543369936e-02 8.075282375946492286e-02 8.654404286295522275e-02 5.399938138100757179e-01 5.873918125979511046e-02 1.091440960507166075e-01 2.014128801092170823e-02 3.552857328010774335e-02
6.803874635732790055e-02 8.160109786042905877e-02 8.367467706457332177e-02 5.402160798115279716e-01 5.889412366066730520e-02 1.120227712516272400e-01 1.997305001078787320e-02 3.557945377932979908e-02
6.880250385845292083e-02 8.409841366087474068e-02 7.933486936434643033e-02 5.433293506113446858e-01 5.597370136514576155e-02 1.113534369521485268e-01 1.993467311066708658e-02 3.717305087805988784e-02
6.727581755715536516e-02 8.599162325907840076e-02 7.862522466451760117e-02 5.375898726103000014e-01 5.586357506278746832e-02 1.170036254514289636e-01 1.993182301086023414e-02 3.771843817569223156e-02
6.767783285524799075e-02 8.876259095706738600e-02 7.593748966399446743e-02 5.313305141097929285e-01 5.616311356278481243e-02 1.212329746511095208e-01 2.013635101088398494e-02 3.875913297633012955e-02
6.904172145745438027e-02 9.192146635762943330e-02 7.356944006428853267e-02 5.244015368111635267e-01 5.563788036209888627e-02 1.260034230507570407e-01 2.029279391092260118e-02 3.913173777613616205e-02
6.863814145713725834e-02 9.507086105618119121e-02 7.191397036501093187e-02 5.136320793120656703e-01 5.581395626260431814e-02 1.318655187524304662e-01 2.051217761107975920e-02 4.255329497351788975e-02
6.788759205862275603e-02 9.528574955594261431e-02 7.049770556435405733e-02 5.086794500113613893e-01 5.529407306347139395e-02 1.380279591520104654e-01 2.071273111115815024e-02 4.361473927255763577e-02
7.143482765670401691e-02 1.013266374536483383e-01 6.882737736421258579e-02 4.962184688116084708e-01 5.388897656496889621e-02 1.415890712514104588e-01 2.087537791120119834e-02 4.583926276993360166e-02
7.092956185834538296e-02 1.033151479536084522e-01 6.732679936438724921e-02 4.850270356131049510e-01 5.474081746419808686e-02 1.503515594525381971e-01 2.111009791082192263e-02 4.719898016754740799e-02
7.282638425724810571e-02 1.077655144527488451e-01 6.585113056537758580e-02 4.664568690122526395e-01 5.520456916299550792e-02 1.607076279544112363e-01 2.156887840908853701e-02 4.961902596609932270e-02
7.003220835750426088e-02 1.112587606522164874e-01 6.529964936475592119e-02 4.547182685118858481e-01 5.433747676415418004e-02 1.691975077566034991e-01 2.186120860806658323e-02 5.329491976156965766e-02
7.494144365609245462e-02 1.188315852513773946e-01 6.409605276498259174e-02 4.295698158107065234e-01 5.620248586101830868e-02 1.793530557663297331e-01 2.241704220609675585e-02 5.458851846153522924e-02
7.532936495848886749e-02 1.225672740518056053e-01 6.351104766600808305e-02 4.148744740124586383e-01 5.627551496301494427e-02 1.879061444705295292e-01 2.256263080605684299e-02 5.697354885855605844e-02
7.633846465790194991e-02 1.244905040521833706e-01 6.202681186573124478e-02 4.048836421132866459e-01 5.502493896185892824e-02 1.957335129773400406e-01 2.272800070519404372e-02 5.877412446016763020e-02
7.701373605633143882e-02 1.316672554510388005e-01 6.123055216548136531e-02 3.777042306120435011e-01 5.768869506186724561e-02 2.073970280819429912e-01 2.360721460281061529e-02 6.369128775689668343e-02
7.857602745655421772e-02 1.341075502505868211e-01 6.060716696578285351e-02 3.603152998140808361e-01 5.815864356217453901e-02 2.214499243879779478e-01 2.373500910270702480e-02 6.305037825851378397e-02
8.220744925619100085e-02 1.393356951514849729e-01 6.004903896644407657e-02 3.278005830139362198e-01 5.971147136216487655e-02 2.360986730955880186e-01 2.472551879967789176e-02 7.007157015617263007e-02
8.295852825691024668e-02 1.443916717523831550e-01 5.858918766711120746e-02 3.148353982142817475e-01 5.931755596146015552e-02 2.445134565961328277e-01 2.461129049954743561e-02 7.078291085683593997e-02
8.783720365446416600e-02 1.507625275519963448e-01 5.809015676692095426e-02 2.875130187080394695e-01 6.058612166179025427e-02 2.587433840990608358e-01 2.518377149895256045e-02 7.128381585520728037e-02
8.783445425390537520e-02 1.514610247524405262e-01 5.707186096770274636e-02 2.691006739029856432e-01 6.071696656140673776e-02 2.728529072024007962e-01 2.569423719729081387e-02 7.526787495502162972e-02
8.945625675483405426e-02 1.552479379520413372e-01 5.669338766705420835e-02 2.494802144970493518e-01 6.337238165931574629e-02 2.848537789048625757e-01 2.603672479633662232e-02 7.485931755549202204e-02
9.343197425224251951e-02 1.633370409514943722e-01 5.603086676745352990e-02 2.265205067898639901e-01 6.072202006141968339e-02 2.965325769041139981e-01 2.624229539602742842e-02 7.718271865673045906e-02
9.325419145218528938e-02 1.655720091519331805e-01 5.551089356764061372e-02 2.125575752823634923e-01 6.274642356000235954e-02 3.078075208063974499e-01 2.635950599588720439e-02 7.619187995611340081e-02
9.383449845264203726e-02 1.665372896517304246e-01 5.488148746806684186e-02 1.928347675682648976e-01 6.359605406032342589e-02 3.246143102059959595e-01 2.679973559509471817e-02 7.690185675527999587e-02
9.726108255162292660e-02 1.690155959533100605e-01 5.367217876892253769e-02 1.753841108535366122e-01 6.596261226046945536e-02 3.359543907056760648e-01 2.694332769467041450e-02 7.580670095585231860e-02
9.722571235137762724e-02 1.694972240522513163e-01 5.222758876897786590e-02 1.646380016449919270e-01 6.583476026085199884e-02 3.485480553062544895e-01 2.728361129409502886e-02 7.474504605794964063e-02
9.887564375206905898e-02 1.778895748619436501e-01 5.203078386928327442e-02 1.514435143447333820e-01 6.431545786025968936e-02 3.529415702060132998e-01 2.683901779463563481e-02 7.566443705852583801e-02
1.006360709509619700e-01 1.767628717611867684e-01 5.125294506955626467e-02 1.360808662466842789e-01 6.692680346025181581e-02 3.659549598057883490e-01 2.738824989365270385e-02 7.499723255673494682e-02
1.013227998509789313e-01 1.760689715606140460e-01 5.000491467021065534e-02 1.298557780473993117e-01 6.806371315814462031e-02 3.741704009061651015e-01 2.713787869410618989e-02 7.337554285736325177e-02
1.018866620514003868e-01 1.829067527641666802e-01 4.964225827041445632e-02 1.223726449473654526e-01 6.767824025954045919e-02 3.783698054050850246e-01 2.681374519479466992e-02 7.032989085901160398e-02
1.494644627537403958e-01 1.510043801543118624e-01 1.613178599552575199e-01 1.653172773548171048e-01 4.602427257093444357e-02 2.588929285993369356e-01 2.039303711144400261e-02 4.758578126941784281e-02
1.527127069536068360e-01 1.525612707542078617e-01 1.532593085536692878e-01 1.524139229542385565e-01 4.839008646810317310e-02 2.724024800008690850e-01 2.084978841165893368e-02 4.741043566952640037e-02
1.000000000000000000e+00 1.000000000000000000e+00 1.000000000000000000e+00 1.000000000000000000e+00 1.000000000000000000e+00 1.000000000000000000e+00 1.000000000000000000e+00 1.000000000000000000e+00
1.220991771396110759e-01 7.938862706000034131e-02 1.521107226599764384e-01 3.763028884159426157e-01 1.110122499386418105e-01 1.021956912546154450e-01 2.377806030178224520e-02 3.311258298368027764e-02
1.151954234401215416e-01 7.884180115967481806e-02 1.472648285594127526e-01 3.985860613137053865e-01 1.034974535416956498e-01 1.003506062545902328e-01 2.318480880356470208e-02 3.307901668304834286e-02
1.125044524407401991e-01 7.900555076017047595e-02 1.441683663592204512e-01 4.164417546132901937e-01 9.391490334656642236e-02 9.898263405376354906e-02 2.259326720570940458e-02 3.238907098426568182e-02
1.089091738397099940e-01 7.905909015942554074e-02 1.381010191588560032e-01 4.246076614126517712e-01 9.620760874399882090e-02 9.861436955302101126e-02 2.223889510672192454e-02 3.226218178374950368e-02
1.019794116442436782e-01 7.782886406017817948e-02 1.341951899589528263e-01 4.419865940136535332e-01 9.156971914640209265e-02 9.730714915455547509e-02 2.239609750601304766e-02 3.273697428332523335e-02
9.653281264539272100e-02 7.751776855976690028e-02 1.303156423586990520e-01 4.618911578136584706e-01 8.421977905268290820e-02 9.633097695444911568e-02 2.154020100928532785e-02 3.165166138479783703e-02
9.540966464523939483e-02 7.701935395866078837e-02 1.247028577586275777e-01 4.717630421116933426e-01 8.189489475233617533e-02 9.650914005366596771e-02 2.139913030938180027e-02 3.130191618376641088e-02
9.293084844796806188e-02 7.845945195928059890e-02 1.208309759584942633e-01 4.814563581117847768e-01 7.807156535362809457e-02 9.561639025432365491e-02 2.124255621007315256e-02 3.139185348496630057e-02
8.765804885286321291e-02 7.598576215976338144e-02 1.147192298589553988e-01 4.983292509128739445e-01 7.607061035470721877e-02 9.510592965489443606e-02 2.081984231115128689e-02 3.131132568595448862e-02
8.506943455267026999e-02 7.667345715932732952e-02 1.112443640590794341e-01 5.122874023097485630e-01 6.913614565485223795e-02 9.449585565326965031e-02 2.029655041096278117e-02 3.079678998627476474e-02
8.122142835443056652e-02 7.696505365894473760e-02 1.071067835579759403e-01 5.198104995109191773e-01 6.928464935485943721e-02 9.449782915418071527e-02 1.994528171086716942e-02 3.116847448580633423e-02
8.043727545469780971e-02 7.697482346005084242e-02 1.028136480591306245e-01 5.233413274117796332e-01 6.824374615431141877e-02 9.613309235382615225e-02 2.013126521091888541e-02 3.192482168380203489e-02
7.708655445459597355e-02 7.678855835960356202e-02 9.902680315973155789e-02 5.354813307111890852e-01 6.499911325794062444e-02 9.598744925362837077e-02 1.985756591077308258e-02 3.077262468592454128e-02
7.659506305487438771e-02 7.865029716069193988e-02 9.589751856131446817e-02 5.316804823113776557e-01 6.617726435563588139e-02 9.852153105374381048e-02 1.993511401077621703e-02 3.254272928308311191e-02
7.203247965669769270e-02 7.885018626013383380e-02 9.248262896118515652e-02 5.437484718108034354e-01 6.128853275841529558e-02 9.846889305309353135e-02 1.990270831085495795e-02 3.322609898277079088e-02
7.251191795491641889e-02 8.127259485903880198e-02 8.969810206212670833e-02 5.472421784101728637e-01 5.907323746075528875e-02 9.901981215316724150e-02 1.941821741062172563e-02 3.176393948396537270e-02
7.211836735481863547e-02 8.183074775991994176e-02 8.539816466361692393e-02 5.506203178095139261e-01 5.781330346098777218e-02 1.000408218530292187e-01 1.940260841072102491e-02 3.277566848253975901e-02
7.107842765491158288e-02 8.350793585940734232e-02 8.211638906396781512e-02 5.534469000112173243e-01 5.598771866255409374e-02 1.025994639533577418e-01 1.927805451054839803e-02 3.198511008453445992e-02
7.033341385540604895e-02 8.606866405865609693e-02 8.036981046413586849e-02 5.468884042088973940e-01 5.568213036187124459e-02 1.061913581499915188e-01 1.952621821070719618e-02 3.494000047974288314e-02
6.948407935594853868e-02 8.613977655855881155e-02 7.755796806394686660e-02 5.477584872094399815e-01 5.552410026174855323e-02 1.092025637513014541e-01 1.956364991071927670e-02 3.476937468141372972e-02
6.823830095690407160e-02 8.843506265881181938e-02 7.525139496434093966e-02 5.463387974104954026e-01 5.369862326275479103e-02 1.126800383518820198e-01 1.951498511074634123e-02 3.584279707929628050e-02
6.826423845695182846e-02 9.333176585562004413e-02 7.430995516406527224e-02 5.340632457101290864e-01 5.475249726154182012e-02 1.173793955504947167e-01 1.981981311081514735e-02 3.807908867551183102e-02
6.968585755663328496e-02 9.492695525536898327e-02 7.171904316444911720e-02 5.277546898101097561e-01 5.527182716287197539e-02 1.226642793512928847e-01 2.003073771090036620e-02 3.794660977648699890e-02
7.036062145537051726e-02 1.006388334533374340e-01 7.010246456415009098e-02 5.173486297100090558e-01 5.471861986285194573e-02 1.270320493506763015e-01 1.995509731085823302e-02 3.984368407415462415e-02
7.082885905863352261e-02 1.027603005534791919e-01 6.866896766487164128e-02 5.049994383109398521e-01 5.487444626177154228e-02 1.349666759516765235e-01 2.038083331104732429e-02 4.252047867219820032e-02
7.190746625651647794e-02 1.064974925520317667e-01 6.746655466443686466e-02 4.964080861117396992e-01 5.279712886439017622e-02 1.395546193508898358e-01 2.046266421103460492e-02 4.490598776899117073e-02
7.307956225724983323e-02 1.116862929529486848e-01 6.574020106512977468e-02 4.826369139108759310e-01 5.296859316283804298e-02 1.473440754534649511e-01 2.086253981126126589e-02 4.568182116982159868e-02
7.493306975604822895e-02 1.134786623509210779e-01 6.466133016496718178e-02 4.715497466109380698e-01 5.268731246478273317e-02 1.546507679523801415e-01 2.109465061079207962e-02 4.694445986857895964e-02
7.510540875630361546e-02 1.190856495514311664e-01 6.407818166503723156e-02 4.533115268128223851e-01 5.533489806235022956e-02 1.628002435547407922e-01 2.150162700941955773e-02 4.878246436745409254e-02
7.813727035606081450e-02 1.246512279506221260e-01 6.315189646555720293e-02 4.302242682111650507e-01 5.604697816226811985e-02 1.740046830602555716e-01 2.183379550838920879e-02 5.194988006368719824e-02
7.740908295703149977e-02 1.312183195510580880e-01 6.236566866534235670e-02 4.135526429128448811e-01 5.548610016279114515e-02 1.816146261675142259e-01 2.227412050647503694e-02 5.607943886082577406e-02
7.979690945746052699e-02 1.328803130509674246e-01 6.078418486596240400e-02 3.974120998126540183e-01 5.609827206161978330e-02 1.919687913742689489e-01 2.278707960506059713e-02 5.827234955937791311e-02
8.280949455589876884e-02 1.403182020508062233e-01 6.028962576598387996e-02 3.772882280114434050e-01 5.708576496173404374e-02 2.012634133803681558e-01 2.304867230420315494e-02 5.789659876033117353e-02
8.402068555581367060e-02 1.448383644522561187e-01 5.948711846640555856e-02 3.534432361130241396e-01 5.757728196159500600e-02 2.136277854861935166e-01 2.354241180232858818e-02 6.346311595665608818e-02
8.555210935686430318e-02 1.551312299525968996e-01 5.949674336613545306e-02 3.285305241138142818e-01 5.707676006189073281e-02 2.273094935921289861e-01 2.381532380183548278e-02 6.308781555897455262e-02
8.911008835409361950e-02 1.539099509523028930e-01 5.790450016719860676e-02 3.093719672134397358e-01 5.797781666292255859e-02 2.394466447936259290e-01 2.406887510185467052e-02 6.821015655744902539e-02
9.182926935130077128e-02 1.616630345519148304e-01 5.738462406730103493e-02 2.861809359057254643e-01 5.991692566098803796e-02 2.502102672984004572e-01 2.461712989984878031e-02 6.819781305705398256e-02
9.375382775177840133e-02 1.660006975520154637e-01 5.724236466657157268e-02 2.612091778977336243e-01 5.889127646074185374e-02 2.655481947010927546e-01 2.516384809805305781e-02 7.219061265617833512e-02
9.542524314966434329e-02 1.703707431550097462e-01 5.634778316715550323e-02 2.471495743954455759e-01 5.943709356138280470e-02 2.757169893025920304e-01 2.506104729858855615e-02 7.049152575587140646e-02
9.699564015052110355e-02 1.782640222640979044e-01 5.615595236818214653e-02 2.257460452890634184e-01 6.149945595985565477e-02 2.858928568024166617e-01 2.560972319793160951e-02 6.983630375741636809e-02
1.009920442501598542e-01 1.793232294636815105e-01 5.495517036806003841e-02 2.028901687791428432e-01 6.378035765908264543e-02 3.005913419045248558e-01 2.586226229699980367e-02 7.160542505596498297e-02
1.001942770497473295e-01 1.830821213654001689e-01 5.373479986879079601e-02 1.904294061667524962e-01 6.202608326094249946e-02 3.099129708051513998e-01 2.596647439650590430e-02 7.465386685693195523e-02
1.009863868514968843e-01 1.839894672653500651e-01 5.344568286837238225e-02 1.788440691597295573e-01 6.156919066121176870e-02 3.220746165067540079e-01 2.629347669575725702e-02 7.279710975690494024e-02
1.044012223494004687e-01 1.896284773702716364e-01 5.270138696911538800e-02 1.629028182464762886e-01 6.257099405991890795e-02 3.303205516069867564e-01 2.615296079634138807e-02 7.132158835768394323e-02
1.045112753501212660e-01 1.936661173722905305e-01 5.207755236961202072e-02 1.484980470463614921e-01 6.480674895983609685e-02 3.387491981065375857e-01 2.614158579587774409e-02 7.154947475646714072e-02
1.084375454488638590e-01 1.944969822737285525e-01 5.063584626978465120e-02 1.380355770447630748e-01 6.464076586000741531e-02 3.471907619057653105e-01 2.627556389606188619e-02 7.028695705916736258e-02
1.505802894546034165e-01 1.509047373547529880e-01 1.822694228680792894e-01 1.892566438725982181e-01 4.256857977426916489e-02 2.223055831902648882e-01 1.924733061087512132e-02 4.286741267323100624e-02
1.572484458556070719e-01 1.556998236542435632e-01 1.700982454570871827e-01 1.725682166605167767e-01 4.465976007151425953e-02 2.357323718943970248e-01 1.968734241104165561e-02 4.430579377252854417e-02
1.606183143547297021e-01 1.585861314549792400e-01 1.617259877546491920e-01 1.595022355542041748e-01 4.546320227120936169e-02 2.487704426967945193e-01 1.999165031119425409e-02 4.534203537045914528e-02
1.000000000000000000e+00 1.000000000000000000e+00 1.000000000000000000e+00 1.000000000000000000e+00 1.000000000000000000e+00 1.000000000000000000e+00 1.000000000000000000e+00 1.000000000000000000e+00
1.000000000000000000e+00 1.000000000000000000e+00 1.000000000000000000e+00 1.000000000000000000e+00 1.000000000000000000e+00 1.000000000000000000e+00 1.000000000000000000e+00 1.000000000000000000e+00
1.215984499382431611e-01 8.045295956017088634e-02 1.478009352599972404e-01 3.929012193137711439e-01 1.046585605392905266e-01 9.811936065399011475e-02 2.300231440401347485e-02 3.146620008551707925e-02
1.176267425398595384e-01 8.315002576002154810e-02 1.449010246591835860e-01 4.059528531161089027e-01 9.827828354282275303e-02 9.609130865596471338e-02 2.274549480537321061e-02 3.125426668541268771e-02
1.113826529405325533e-01 8.044749755960907411e-02 1.401611710590834614e-01 4.254399920157312387e-01 9.396148084573618942e-02 9.555847405556885943e-02 2.196961140739522866e-02 3.107911988575970397e-02
1.074165418420045398e-01 7.946288105975390925e-02 1.351750358574496658e-01 4.389195898126685425e-01 9.233747704522068944e-02 9.401869465459426756e-02 2.185426010810816513e-02 3.081551938594764145e-02
1.027827405426354895e-01 8.071359635916941500e-02 1.311742390583351958e-01 4.539769805147955695e-01 8.592305525131961608e-02 9.398706175601793944e-02 2.131562630994775914e-02 3.012669998770800550e-02
9.856846774513775000e-02 7.904063585983991946e-02 1.242946883585074741e-01 4.746767138134165287e-01 8.115157215246555922e-02 9.152246365525187888e-02 2.097622551114565817e-02 2.976923268805071326e-02
9.557514814581796747e-02 7.824595405908622847e-02 1.201132467577483570e-01 4.844502055137139829e-01 7.933287965248701779e-02 9.111037095573804034e-02 2.092034661111357927e-02 3.025184808608319745e-02
9.078906084865027981e-02 7.782606075902936960e-02 1.165858059578113864e-01 4.986477875115436498e-01 7.452286515553888102e-02 9.117871835602812947e-02 2.052312161108745328e-02 2.992657958724835934e-02
8.670684565239523967e-02 7.777233415929425686e-02 1.107366527580461030e-01 5.151805334118847446e-01 7.057986555352778468e-02 8.988356055595897454e-02 2.019598281094642234e-02 2.894422488836510474e-02
8.656104495214618499e-02 7.758899835959812141e-02 1.071547343588196421e-01 5.202283301117344161e-01 6.825603265546320575e-02 9.103589545631296520e-02 1.999781901086781014e-02 2.917714488756219249e-02
8.463897605302957150e-02 7.958482686024578867e-02 1.028384811589155290e-01 5.245975177125473676e-01 6.782857785571910769e-02 9.111431175627621171e-02 1.972197711071733278e-02 2.967533128810782156e-02
7.970578225388541549e-02 7.944469685929975156e-02 9.904686255966334285e-02 5.379730142104988122e-01 6.283483585805352267e-02 9.133278675566866567e-02 1.957326721066301317e-02 3.008875408615644537e-02
7.891370205420400463e-02 8.190599605918920390e-02 9.559078516028676753e-02 5.376996307115136098e-01 6.343107015765334089e-02 9.273361905521040893e-02 1.949747091056792253e-02 3.022772568715482652e-02
7.691368345610671842e-02 8.119181786001777867e-02 9.139275566169956233e-02 5.515072750100770138e-01 5.893867796069709314e-02 9.116531045661253885e-02 1.898874881053217584e-02 2.990173058790708549e-02
7.450616505510414267e-02 8.185222226024103931e-02 8.906339496215734397e-02 5.533817198121350200e-01 5.872374755975573457e-02 9.322291625622197708e-02 1.898458091044664259e-02 3.026525298768710515e-02
7.356335455497074738e-02 8.416041435907367640e-02 8.581783866332527710e-02 5.553285360100106427e-01 5.694780936101667690e-02 9.525270495470114507e-02 1.900575551055468451e-02 2.992358638714820093e-02
7.224480775542532762e-02 8.534916235878259316e-02 8.367344176391176835e-02 5.481306630100994948e-01 5.958143315780770055e-02 1.001479289525957356e-01 1.921965371061738412e-02 3.165290908455004742e-02
7.137028865540001599e-02 8.682475575835585380e-02 8.055560726393691529e-02 5.557296502093488355e-01 5.531000806283047078e-02 9.969633905305144705e-02 1.893080581052955166e-02 3.158254498523869330e-02
7.202772775548936524e-02 8.930422215787027496e-02 7.874754856408942849e-02 5.495860014103111091e-01 5.518718546291481730e-02 1.037081679534834489e-01 1.905575811046324522e-02 3.238338838248271817e-02
7.123148835548877289e-02 9.095381665622333245e-02 7.573547956407046533e-02 5.514177870113859958e-01 5.359323566489034019e-02 1.048660794528325502e-01 1.904024751052454945e-02 3.316186558130675144e-02
6.961717725812509305e-02 9.331156475545197837e-02 7.292926896432923300e-02 5.506736066124032769e-01 5.206629126582458522e-02 1.071710984529983257e-01 1.920491741051610218e-02 3.502607508092759475e-02
7.408869535460468891e-02 9.967858285220364267e-02 7.185565746404939946e-02 5.334558747102541298e-01 5.279274466419146133e-02 1.129322554517243060e-01 1.922140131068509131e-02 3.597478797790568117e-02
7.192479225695681821e-02 1.002147430550952845e-01 6.933271026470563814e-02 5.307598079106509159e-01 5.302633046397573630e-02 1.176537567519758964e-01 1.960785101074892858e-02 3.748000807802680245e-02
7.188169885738174281e-02 1.062602047532676952e-01 6.821759696430522435e-02 5.204865807106359155e-01 5.146852746512378673e-02 1.230560565509225407e-01 1.979046391086796558e-02 3.883887057582504493e-02
7.509565325650202627e-02 1.109165845518863963e-01 6.701942626481066645e-02 5.043309209108841618e-01 5.224693056369885541e-02 1.297090558512565273e-01 2.009944091083831416e-02 4.058198747434737380e-02
7.477758255610174321e-02 1.116137897528397677e-01 6.580038216516838345e-02 4.939099880119739994e-01 5.273403166529671421e-02 1.380435215531090332e-01 2.030299881097657674e-02 4.281770527143105576e-02
7.458125825620186278e-02 1.170171077515964608e-01 6.472495856460831753e-02 4.819121389116645116e-01 5.276991836279478626e-02 1.436858847517900051e-01 2.054547971113698107e-02 4.476325346926744719e-02
7.787521635503073802e-02 1.212035525506912487e-01 6.341712986447173295e-02 4.655039559107803648e-01 5.495558256233558370e-02 1.507305232520149141e-01 2.070710311124029229e-02 4.560693616676427670e-02
7.830845695545998741e-02 1.262572869518069074e-01 6.200665076628168043e-02 4.502114607132980950e-01 5.388668726491643163e-02 1.608703019540559109e-01 2.113009231065519217e-02 4.732906286758423176e-02
7.769020185635695797e-02 1.344775328515270263e-01 6.156925086612914655e-02 4.354590728115344533e-01 5.318905846485678934e-02 1.666851097553770644e-01 2.139336880981321937e-02 4.953640436554880566e-02
8.140383105669406205e-02 1.424149126516731090e-01 6.168805556568752319e-02 4.079059305117524459e-01 5.420311426407284361e-02 1.783044925658234525e-01 2.180832280840186432e-02 5.227134036301270964e-02
8.468749215440932177e-02 1.448039442511057651e-01 6.055357396566213996e-02 3.869848925112849281e-01 5.465532826205703187e-02 1.911923485740738282e-01 2.239377460629801697e-02 5.472864545975505979e-02
8.695312375378774772e-02 1.526584666521435818e-01 6.007290326608617087e-02 3.676369573129640300e-01 5.576568056159518505e-02 1.973856971777340763e-01 2.264719110552881540e-02 5.687997995987587735e-02
9.019314025219359043e-02 1.605754481529781952e-01 5.964425596679989033e-02 3.441590514121035671e-01 5.675909476143998350e-02 2.080579167850225286e-01 2.282975570502591631e-02 5.778133676014191727e-02
8.985787135258022085e-02 1.631601509530124505e-01 5.814685566680197898e-02 3.326911641133887265e-01 5.564407256302197208e-02 2.161396244881147177e-01 2.316035580387806186e-02 6.119990486006447739e-02
9.390909845094101704e-02 1.685877066535737823e-01 5.752468496657210661e-02 3.055976552078778496e-01 5.849116216042567207e-02 2.301998058929096425e-01 2.346232030292518325e-02 6.222756615906187977e-02
9.743395184999389946e-02 1.763793915615727848e-01 5.709594466689507652e-02 2.824493888044141698e-01 5.865370936083456194e-02 2.400488490962347510e-01 2.377452340190126107e-02 6.416424105792714605e-02
1.011629128495579594e-01 1.799090027630193822e-01 5.644132416739390534e-02 2.593883541036347551e-01 5.918810416099277300e-02 2.540269231984546017e-01 2.417178350109905338e-02 6.571159505788361221e-02
1.042300897490199274e-01 1.859804469681674288e-01 5.565627626775352527e-02 2.353199591940532132e-01 5.935852756273016229e-02 2.670207994015157404e-01 2.474383929935345533e-02 6.769006135731295282e-02
1.055040605469667603e-01 1.881643169699480367e-01 5.502488476771467962e-02 2.207458822834911516e-01 6.139363036033624460e-02 2.771961373031694986e-01 2.490350459879896172e-02 6.706758295784276402e-02
1.047895062487323586e-01 1.931845858723651166e-01 5.404566316839256451e-02 2.081207959767421845e-01 6.068784576101206307e-02 2.859153877034637525e-01 2.509219609842788454e-02 6.816401895802857991e-02
1.101026997479193220e-01 2.006659650788910620e-01 5.310323566854824318e-02 1.890283981665933366e-01 6.107144736136226743e-02 2.941427001058166679e-01 2.494385169930787849e-02 6.694170195873520857e-02
1.103490056472019726e-01 2.062111901799740243e-01 5.277270646897774115e-02 1.708211400499821397e-01 6.104643876091705307e-02 3.062035042055203382e-01 2.529555339840511632e-02 6.730046105794088018e-02
1.131450231471867879e-01 2.069475994809008290e-01 5.223313336930787004e-02 1.564339911452732601e-01 6.109642596128393721e-02 3.159773037052229228e-01 2.546499939796779272e-02 6.870152355776937281e-02
1.493380676554262876e-01 1.497293270558180123e-01 2.021173930806280938e-01 2.046590786818414109e-01 4.135382947468478620e-02 1.940749350764393866e-01 1.851287231052487978e-02 4.021449647611549660e-02
1.542563584544638933e-01 1.556010847551413390e-01 1.951296286773772093e-01 1.902962588738108807e-01 4.176582127488338153e-02 2.029812781809074707e-01 1.877794851064871692e-02 4.119162107531976896e-02
1.610243220558134070e-01 1.596701548548639105e-01 1.774574652636322081e-01 1.781319305649654849e-01 4.366160167311139428e-02 2.185971354880484330e-01 1.911736321080482678e-02 4.234002667413586107e-02
