2.292441060007407161e-01 7.358285799603728194e-02 6.682043399684993445e-02 1.302719569934787103e-01 2.288218910004153339e-01 7.367834299605093007e-02 6.595651699704839499e-02 1.316238939933951357e-01
2.265899700003616568e-01 7.419719999598829718e-02 6.503910499710525983e-02 1.342149219936076832e-01 2.264505390009795838e-01 7.469492599586199932e-02 6.507070299714370898e-02 1.337426349933299174e-01
2.242252360009673873e-01 7.582022999574131172e-02 6.407162899724018479e-02 1.379886909935415795e-01 2.211558230007275860e-01 7.530521299571181493e-02 6.386153599739613496e-02 1.375716419937740576e-01
2.189153090009717251e-01 7.657066299569725842e-02 6.274108699752176110e-02 1.416223199938539956e-01 2.196926590011316072e-01 7.646550299573670606e-02 6.263716599755818348e-02 1.413552929940963265e-01
2.153008310012564375e-01 7.673974099568482699e-02 6.145508499777754124e-02 1.454802699940558330e-01 2.155872450007634278e-01 7.758004599561486858e-02 6.095805899787853227e-02 1.468987229941068340e-01
2.114368000007756099e-01 7.739656699567143416e-02 5.992561299810918868e-02 1.490867629944350459e-01 2.130406990008494872e-01 7.858305699539387679e-02 6.020358199801101318e-02 1.503269189943904904e-01
2.079986030008781628e-01 7.929184799546031004e-02 5.866491099849506508e-02 1.542426999947198452e-01 2.080132140005490904e-01 7.902144799532087593e-02 5.856575999836224206e-02 1.542015159944456759e-01
2.045941710004469116e-01 8.008736899542345800e-02 5.712628899873308658e-02 1.570090459947916794e-01 2.052790230006533989e-01 7.997385399550484275e-02 5.742768699860011095e-02 1.585025609948434999e-01
2.023528510004670988e-01 8.072918599526841821e-02 5.561847799915007468e-02 1.607460149951119854e-01 2.024009620003806298e-01 8.025139899533416388e-02 5.580937399908507401e-02 1.620917349949488606e-01
1.970864240000713974e-01 8.121564999519627348e-02 5.445527899949792472e-02 1.653654569954040865e-01 1.986183870004950558e-01 8.119002299526026367e-02 5.413241899957624975e-02 1.679363609955326908e-01
1.946829269998390510e-01 8.256007399508766276e-02 5.292303299988623810e-02 1.713004679963285037e-01 1.923809569996606517e-01 8.182473699527859079e-02 5.277297299998411073e-02 1.715548309964311513e-01
1.915160929994770556e-01 8.352708999513543120e-02 5.135386000037856641e-02 1.740969049968395799e-01 1.899191789994011115e-01 8.373335199505152482e-02 5.201522300022536766e-02 1.738382979971362374e-01
1.877027759991422295e-01 8.434993299497704766e-02 4.979711300094424864e-02 1.781274229980667201e-01 1.872813779993235950e-01 8.404651599495295555e-02 5.014800400082499582e-02 1.785468569976206010e-01
1.847541369986641646e-01 8.509596599490230895e-02 4.884521600124364787e-02 1.817855379980914399e-01 1.816708299984744479e-01 8.518801799477251913e-02 4.847366500140184303e-02 1.841866299985132072e-01
1.796321579983371219e-01 8.563974299484783392e-02 4.730902300181947379e-02 1.853950639988639071e-01 1.832711859985766134e-01 8.592776699458748446e-02 4.733833500184157772e-02 1.854867239989139993e-01
1.766984799977457943e-01 8.686273899450046299e-02 4.580753500242090714e-02 1.900013029994776503e-01 1.772380339976712404e-01 8.722939899451401247e-02 4.571618300253026818e-02 1.904463269993684205e-01
1.760623269972331484e-01 8.812716299427642008e-02 4.433735200310096741e-02 1.914834499996381501e-01 1.754250189972769713e-01 8.806907199446441237e-02 4.440917400304624646e-02 1.920864429997167500e-01
1.727635179968493029e-01 8.852906299423046743e-02 4.291579200372736685e-02 1.960836370000709206e-01 1.718599999963611458e-01 8.943039699416609201e-02 4.293620300375268484e-02 1.954813899998929239e-01
1.688368639960041162e-01 8.974545699417468825e-02 4.161562200423254976e-02 1.977598950003047196e-01 1.694057949959861253e-01 9.099512499403483723e-02 4.163717000422896553e-02 2.000040720003763983e-01
1.658890709955938847e-01 9.118638599386182098e-02 3.995757100416573449e-02 2.014494900002149758e-01 1.681307159955320596e-01 9.161562199394915340e-02 4.020300800411712172e-02 2.015681360002626876e-01
1.636739609953528074e-01 9.333574699360716598e-02 3.859890500403414387e-02 2.050786170008322140e-01 1.640309069953526655e-01 9.361436799359047767e-02 3.913083700412926802e-02 2.025366580002725125e-01
1.615467939949892517e-01 9.478810199342621590e-02 3.786954500398863332e-02 2.050458650004522154e-01 1.618606159949749213e-01 9.487176699350967357e-02 3.790855300398414396e-02 2.061087580005855069e-01
1.597511249948771472e-01 9.587238499337505382e-02 3.666386900392712422e-02 2.083164520008405629e-01 1.595564449949806729e-01 9.639435599331278026e-02 3.679935800393115131e-02 2.066460100006095313e-01
1.588979819948838912e-01 9.815282699323706062e-02 3.554988200385263836e-02 2.071340330007352681e-01 1.595330489949973451e-01 9.820442699314275992e-02 3.609051400388437608e-02 2.064372860008353017e-01
1.551617599947069936e-01 9.949805099302126699e-02 3.461457000376873955e-02 2.093894600006328821e-01 1.570007399949016891e-01 1.002086959930634097e-01 3.461092100371315761e-02 2.095158020008884847e-01
1.558442099947624782e-01 1.018761009927150046e-01 3.377041500366274179e-02 2.104792140009409673e-01 1.540218909945824666e-01 1.016907569928756500e-01 3.364748700365869510e-02 2.086699250005280837e-01
1.521716659944107319e-01 1.035417149926972508e-01 3.272719900355561262e-02 2.094958050009805284e-01 1.535501409945668194e-01 1.038792849926798989e-01 3.281946600363277317e-02 2.118147230011656057e-01
1.522933729944244141e-01 1.046349429927377062e-01 3.157960700342056504e-02 2.104352830004991570e-01 1.527018379943205495e-01 1.063249339926487930e-01 3.187440200350522002e-02 2.101556200011937270e-01
1.519876509944006471e-01 1.079070649925170794e-01 3.100370300344808955e-02 2.097000270009248268e-01 1.517918219945396663e-01 1.076687689923946784e-01 3.102811100342382084e-02 2.089128520009402579e-01
1.512000639945222658e-01 1.099217499925245756e-01 2.999878300329639896e-02 2.081794550007158018e-01 1.514629959943409043e-01 1.105903569923520485e-01 3.010317600331125637e-02 2.085434190006500987e-01
1.492254489942376194e-01 1.130312389921152433e-01 2.945604700323433203e-02 2.065085840006351814e-01 1.497870479943574362e-01 1.134566309923130956e-01 2.940173400321529837e-02 2.091332680007003952e-01
1.503856669944392266e-01 1.158663569921370984e-01 2.870757700315925906e-02 2.052635590005726374e-01 1.494623189942429209e-01 1.157453109921071366e-01 2.857797000312347138e-02 2.059912400003724442e-01
1.481247549941489550e-01 1.187418619920383028e-01 2.799302300305741426e-02 2.056486940005896880e-01 1.483187299941384485e-01 1.189137319921408087e-01 2.816579100305788980e-02 2.040934130006137603e-01
1.468624389941643460e-01 1.209714839921544743e-01 2.741487300297554969e-02 2.041777270002295697e-01 1.475522769941941814e-01 1.210954179921128471e-01 2.739212500293819116e-02 2.045336570006566490e-01
1.464897689941506431e-01 1.250650729920061432e-01 2.688427900287427424e-02 2.019832050008167068e-01 1.476278499941178213e-01 1.247155159920299294e-01 2.691919100289049890e-02 2.003151170005150750e-01
1.456964729940820324e-01 1.279287699922207200e-01 2.635232800281974916e-02 1.994990820003768039e-01 1.467889589941616113e-01 1.265719379919518772e-01 2.625348000277483856e-02 2.009089700004887125e-01
1.472850799940563504e-01 1.312060149919312690e-01 2.575415500270760577e-02 1.962478199997846340e-01 1.467801119940845833e-01 1.308967019918638175e-01 2.570331300268725513e-02 1.961268029999838070e-01
1.463252519940432816e-01 1.328571489920264692e-01 2.526534800259892452e-02 1.950334720001332955e-01 1.476817379942413355e-01 1.337524139919570310e-01 2.519525000260342679e-02 1.938893769998349670e-01
1.459501019940233901e-01 1.365210229922867446e-01 2.475492400250449421e-02 1.917511219997414251e-01 1.460585769940406509e-01 1.375127499920922036e-01 2.470814300251324147e-02 1.927433589995963814e-01
1.467854839939344014e-01 1.403866959922410451e-01 2.429385500245102164e-02 1.878580329994173626e-01 1.471266809942033960e-01 1.412065229922427056e-01 2.446736000245274684e-02 1.878753679989674796e-01
1.458258389941249622e-01 1.439236209921734011e-01 2.400546400240439332e-02 1.863110649986562395e-01 1.458330219941582628e-01 1.455437409924836556e-01 2.390047800237563372e-02 1.846567699988944933e-01
1.470317409940849196e-01 1.470689949923380258e-01 2.354522000227675729e-02 1.828739529986223855e-01 1.465949279941653471e-01 1.466336389925380346e-01 2.349304000229641282e-02 1.827584839985058052e-01
1.452112709940872604e-01 1.514364939927827503e-01 2.308905700219883450e-02 1.789792639979235211e-01 1.473684709940535076e-01 1.511205879927402240e-01 2.311159200219430401e-02 1.796832629979067952e-01
1.473223299941549547e-01 1.567470279929449317e-01 2.286165500215830634e-02 1.742851739968495350e-01 1.466922699942661001e-01 1.552133799928321067e-01 2.282607300214128249e-02 1.740520899967022972e-01
1.474508979940275799e-01 1.583522079930682891e-01 2.238162000203491181e-02 1.718305419964689107e-01 1.466642209939283958e-01 1.592319589929765411e-01 2.247859900206899270e-02 1.716099529964464909e-01
1.466625509940506222e-01 1.624323839931478830e-01 2.212024200197743387e-02 1.672124949956294016e-01 1.481843449940578317e-01 1.618875439931805327e-01 2.188503200191839124e-02 1.696154069958298038e-01
1.478064049939740443e-01 1.664651179937027548e-01 2.162933100186017338e-02 1.644243009953450518e-01 1.464390119938027701e-01 1.665750349935581076e-01 2.167836400184561946e-02 1.649824339952525032e-01
1.473873389942121359e-01 1.693449809941346973e-01 2.144619200180415686e-02 1.616613999950475000e-01 1.468694589941798023e-01 1.702276799942447627e-01 2.150255500182734342e-02 1.615603939949551704e-01
1.494844519941757877e-01 1.738180069951397178e-01 2.104509100171308988e-02 1.557367689944196554e-01 1.492147459941345344e-01 1.733920639951355147e-01 2.114196600175340807e-02 1.561669049945508814e-01
1.497609199942398495e-01 1.763015309958487764e-01 2.091498300170240021e-02 1.526070669944417091e-01 1.481439719940067512e-01 1.776766189959271269e-01 2.082734800168281955e-02 1.537675599943641447e-01
1.249916449923731132e-01 1.256459139922767310e-01 1.235985709924714848e-01 1.259661309923166550e-01 1.242924319925244880e-01 1.252791259922852174e-01 1.254827499922276379e-01 1.247434309923676904e-01
1.980646650000387754e-01 7.938527599546864322e-02 7.916878299517698947e-02 2.757635539937426383e-01 2.190589600013891358e-01 7.205219499618943646e-02 2.200992600212909114e-02 5.449664099890335484e-02
1.960034350002025916e-01 7.971851999541247624e-02 7.746011799536481335e-02 2.805101129928365133e-01 2.167091730011463102e-01 7.323535799601300911e-02 2.191679300211872572e-02 5.444648999896132407e-02
1.945582680003793141e-01 8.161754299527834711e-02 7.550947999568245750e-02 2.855293749924357471e-01 2.116466440009884542e-01 7.356357999604702658e-02 2.168494700205628178e-02 5.589016299855539827e-02
1.932674440001169169e-01 8.268861099524435487e-02 7.365989099591059575e-02 2.887063559909689436e-01 2.076060290011456644e-01 7.450362199578469680e-02 2.128745300199772275e-02 5.828059399794197765e-02
1.886017859999842838e-01 8.282241199523643349e-02 7.194908799591641368e-02 2.959246159897779282e-01 2.056629630012471732e-01 7.488567999580560131e-02 2.096010600193460791e-02 5.919334899799614386e-02
1.865431579993539757e-01 8.393430599508110157e-02 6.956958699645263144e-02 3.014087489887805615e-01 1.997616530010875024e-01 7.699970999561667195e-02 2.086697000191718721e-02 6.091586699771440322e-02
1.843083349990982944e-01 8.422262899508664580e-02 6.776030899669439889e-02 3.064201639875140382e-01 1.981424850007286187e-01 7.737704399554375112e-02 2.025003300179721230e-02 6.151900099729746413e-02
1.815734549989402591e-01 8.544461299491502848e-02 6.598241799699101906e-02 3.124471589867634513e-01 1.929099550001430186e-01 7.813497999556301421e-02 2.022207400179208692e-02 6.328534599704820074e-02
1.806187399986699527e-01 8.728086599460013750e-02 6.428542099733051962e-02 3.132569919863451013e-01 1.905957780005360092e-01 7.955961099538501335e-02 1.994402400174009188e-02 6.445856799696833561e-02
1.752643869979886304e-01 8.762870299451071265e-02 6.173600799776303438e-02 3.212754869843200134e-01 1.874151379998929001e-01 8.048720999533393039e-02 1.944223300167575302e-02 6.675083399642352255e-02
1.732441849974401538e-01 8.928125699437633456e-02 6.006408599809256316e-02 3.248888009839763225e-01 1.833430749994504338e-01 8.179132199515416757e-02 1.921470900164713724e-02 6.817256499645298062e-02
1.724710219971727909e-01 9.041821499412512619e-02 5.833832199851452655e-02 3.246344589841144157e-01 1.832214709992631418e-01 8.224917299502389201e-02 1.880702200158919368e-02 6.986031599622892496e-02
1.704377139968795973e-01 9.136451499415805533e-02 5.589724999909303355e-02 3.305724399823629645e-01 1.790466619989433128e-01 8.338901099493811753e-02 1.844867400152729042e-02 7.084373399593173193e-02
1.697878259967670889e-01 9.238492699416372966e-02 5.400386499964893172e-02 3.325096649826034811e-01 1.754158039981451866e-01 8.400728499500874358e-02 1.831607500150224735e-02 7.357455299550418049e-02
1.645891849958896758e-01 9.471778799368417434e-02 5.245020500010443010e-02 3.359953419808758279e-01 1.737509109978676858e-01 8.617107999470013935e-02 1.804422600146539032e-02 7.428126299562928803e-02
1.645207419960093564e-01 9.521800299375221543e-02 5.027353400075113693e-02 3.350574389814375831e-01 1.726572479979671670e-01 8.747914599432790594e-02 1.785608000142625482e-02 7.693780799529703618e-02
1.626137899959575195e-01 9.627798399361833792e-02 4.836317700139192849e-02 3.397333599802935256e-01 1.672556189967375206e-01 8.787675099441524806e-02 1.758153400135046771e-02 8.029778499496638411e-02
1.615239739959329068e-01 9.769806999346540566e-02 4.665711600213778149e-02 3.385485799804213158e-01 1.672572229967657920e-01 9.035748299405596540e-02 1.749543900136773730e-02 8.046211499486469187e-02
1.577928999955358069e-01 9.940170499337713794e-02 4.556081300251346722e-02 3.389248589801774347e-01 1.646745969964772960e-01 9.265319799373399057e-02 1.725095700129603352e-02 8.374097099467270322e-02
1.572449769954492316e-01 1.009743029933718172e-01 4.373120900334374894e-02 3.407044359804343170e-01 1.616262959960760304e-01 9.304426599374127083e-02 1.697199500124585078e-02 8.570251799461080233e-02
1.564281319952637583e-01 1.026016549931979549e-01 4.242985400392393358e-02 3.368153149815178438e-01 1.606597539958664889e-01 9.522158099348392024e-02 1.680416300120602530e-02 8.903954599434452111e-02
1.557549729951940576e-01 1.050575339930271551e-01 4.112301600416037872e-02 3.340778649823518687e-01 1.588734219960080962e-01 9.787191899315489385e-02 1.657555900111352953e-02 9.066571199402342907e-02
1.542436209952048887e-01 1.075231289929083484e-01 3.986867500409112947e-02 3.346730689823204097e-01 1.556675409957891110e-01 9.952437499309822744e-02 1.623897800104064440e-02 9.226061199415909464e-02
1.528173069950041485e-01 1.090733309929248357e-01 3.830734800402067070e-02 3.312498639832957559e-01 1.545469079956173220e-01 1.023380899928337667e-01 1.625766300102677794e-02 9.540948899388097815e-02
1.518900779951193603e-01 1.102940409927611193e-01 3.722030700397913755e-02 3.281515779839963010e-01 1.546987289956770206e-01 1.042313669926998448e-01 1.611581500101738965e-02 9.739808499370854189e-02
1.536215959949777388e-01 1.117665269927779204e-01 3.603213000384245662e-02 3.229467249852482347e-01 1.525319169953824328e-01 1.079857429923219564e-01 1.600683900100901419e-02 9.910852299360621565e-02
1.512144969952019802e-01 1.155214739927397788e-01 3.532545100384116427e-02 3.184378559864999292e-01 1.524143909954300546e-01 1.094206459923998398e-01 1.574148500093654549e-02 1.019241999935488058e-01
1.518828689950122712e-01 1.171608259927077733e-01 3.408150000371120564e-02 3.139049619878092612e-01 1.490095439950712142e-01 1.120328379924228762e-01 1.557216200090410368e-02 1.063552989934365700e-01
1.513287739952089705e-01 1.189430849927796408e-01 3.318113100361924639e-02 3.087715209885959489e-01 1.496878519951186648e-01 1.147766709922660167e-01 1.552549500088888472e-02 1.077854709933981636e-01
1.519531619950068857e-01 1.232047189926405023e-01 3.216274600349355167e-02 3.027055909894807995e-01 1.476771049948618908e-01 1.172145179921400548e-01 1.533012900083155668e-02 1.097520299935870192e-01
1.508848979949657110e-01 1.242086639930082281e-01 3.134254200344312180e-02 2.944590179910862582e-01 1.504394979953287415e-01 1.214440339919095474e-01 1.538860300085469375e-02 1.118327429932407524e-01
1.486074489946230814e-01 1.278073069929866190e-01 3.064234200336269504e-02 2.897106759921144747e-01 1.476734129949974772e-01 1.248134839919525230e-01 1.530116500083257211e-02 1.154441639934149916e-01
1.507342359949618016e-01 1.304064479928398745e-01 2.992415500326825462e-02 2.854706129931627312e-01 1.449567499947095606e-01 1.264108719919410095e-01 1.499197900073911786e-02 1.171049469934733189e-01
1.508905599949605936e-01 1.326389899931341709e-01 2.913088700318552243e-02 2.759918679950760789e-01 1.462596019948311787e-01 1.302058299918390505e-01 1.500225400074897165e-02 1.198800089935322666e-01
1.502252739949743177e-01 1.353593169931445184e-01 2.839528300306263381e-02 2.672857389960118235e-01 1.475902949948247611e-01 1.344432729920196634e-01 1.495778200069799481e-02 1.217430369936065987e-01
1.500643699950865717e-01 1.382950779931426122e-01 2.785529000302376310e-02 2.609989309974768967e-01 1.473394929952054899e-01 1.367243249921606951e-01 1.480594600066060043e-02 1.239165669934267772e-01
1.494712759948437220e-01 1.416922919930982128e-01 2.741264500297207335e-02 2.538883449982077267e-01 1.462529439952632293e-01 1.405072809921066035e-01 1.477293800066037041e-02 1.260022789937595700e-01
1.515027209949548759e-01 1.443059229934703092e-01 2.670948400282272678e-02 2.433847409994988054e-01 1.450007039948200127e-01 1.462822519924683873e-01 1.467202300062694746e-02 1.281421519937680220e-01
1.528991759951070784e-01 1.460061519935158536e-01 2.604123900271792039e-02 2.393911059994046631e-01 1.429161009948886063e-01 1.485184849923439354e-01 1.451783200059808022e-02 1.297099089939688088e-01
1.515911939949375620e-01 1.500891619936418342e-01 2.566535200266631400e-02 2.317161400001009619e-01 1.432307059946422434e-01 1.523247679926747478e-01 1.447170600055889232e-02 1.309109719940273475e-01
1.527941929951110722e-01 1.523151579937596922e-01 2.535085600260382488e-02 2.224855060005326568e-01 1.434403559948371487e-01 1.557529279927067911e-01 1.439117500056929892e-02 1.334698279940551013e-01
1.521744809949778232e-01 1.553186269939685893e-01 2.479269500253241179e-02 2.152920700011236588e-01 1.434488349948117858e-01 1.606708459929329091e-01 1.435041400052177417e-02 1.339520319939230264e-01
1.538488139950661415e-01 1.570030919942095871e-01 2.432720100245461953e-02 2.060060770002558883e-01 1.449313459947286775e-01 1.634722099931974204e-01 1.421840300050019115e-02 1.361928569941181499e-01
1.530223009950439361e-01 1.605095179943811790e-01 2.381727800231699457e-02 1.995541970003584797e-01 1.422608999945421948e-01 1.680707939934618644e-01 1.415916600047527341e-02 1.386058459942570431e-01
1.544583649951672966e-01 1.628934739946623078e-01 2.343055600226808324e-02 1.927741279999992674e-01 1.433851099948256214e-01 1.713732159944474365e-01 1.402413300042260058e-02 1.376610179943698331e-01
1.557356779952040193e-01 1.643931489948338154e-01 2.303113900218213897e-02 1.853022969995040403e-01 1.434793449946685229e-01 1.755933239954863834e-01 1.390015800037278093e-02 1.385649099941930473e-01
1.547259729952097929e-01 1.674371289948735075e-01 2.273649700210234742e-02 1.763600399979410316e-01 1.437703219947506217e-01 1.811542659966002833e-01 1.391001900038662219e-02 1.399057539944962292e-01
1.565800949953433663e-01 1.700527719956698991e-01 2.243833700206086801e-02 1.684639529963765370e-01 1.435561509947832215e-01 1.855193439973403524e-01 1.380200100034387548e-02 1.395873469943674505e-01
1.457106549937955409e-01 1.455130599936115543e-01 1.545813549942525456e-01 1.549981399944562188e-01 1.177654979936459262e-01 1.580506009932356737e-01 1.236310499983512765e-02 1.110175859936856912e-01
1.486855579939202476e-01 1.492134379937619659e-01 1.474586109936649458e-01 1.481316789938213196e-01 1.176481159937335791e-01 1.640385189935132104e-01 1.236006199982836798e-02 1.124640169936685641e-01
1.000000000000000000e+00 1.000000000000000000e+00 1.000000000000000000e+00 1.000000000000000000e+00 1.000000000000000000e+00 1.000000000000000000e+00 1.000000000000000000e+00 1.000000000000000000e+00
2.018104910003502284e-01 8.053151199533473137e-02 7.788061999544852732e-02 2.794451299931802746e-01 2.163351030014145082e-01 7.026757699633406906e-02 2.169336800207690916e-02 5.203619899963918272e-02
1.993582180005466498e-01 8.259537899518971937e-02 7.557130799563357981e-02 2.844283109918826491e-01 2.115243780008975172e-01 7.159584299617878511e-02 2.156660700207468223e-02 5.335995599917948279e-02
1.949327720000192110e-01 8.376862299493881281e-02 7.428779999574579296e-02 2.898330579910440852e-01 2.084496920011408572e-01 7.210210199619965232e-02 2.122879600198462197e-02 5.539715699871473192e-02
1.938269110001027973e-01 8.460160999495579259e-02 7.244110199599032573e-02 2.959673419895711977e-01 2.035001280012601332e-01 7.280253499594076250e-02 2.055894300182724635e-02 5.630142899847382504e-02
1.906230339999291368e-01 8.432334499510192594e-02 6.978862199641100439e-02 3.007975889887898324e-01 2.031669240007473176e-01 7.388630799589969433e-02 2.043333300182367113e-02 5.698084499830362998e-02
1.904143460000896904e-01 8.636242799466793685e-02 6.808522299663795352e-02 3.045279829881955558e-01 1.975678810007071851e-01 7.440962999596698046e-02 2.019838700180395102e-02 5.843412199795659789e-02
1.856068559996144895e-01 8.708728399478248006e-02 6.617166399684504263e-02 3.102286439870425849e-01 1.953139310008179530e-01 7.580619899572871301e-02 1.994090000174035537e-02 5.984452199781659792e-02
1.827712809990219012e-01 8.847413199443743270e-02 6.404116699728136519e-02 3.148004519861566375e-01 1.918129540004599454e-01 7.647511899553657844e-02 1.963757600172951270e-02 6.198731899734745421e-02
1.807586469989017897e-01 8.980349599424466978e-02 6.199717399770759974e-02 3.200141479849869519e-01 1.882487229998681399e-01 7.784330999557569075e-02 1.918519900164246741e-02 6.214930299725139606e-02
1.785639549983694396e-01 9.008685999424811963e-02 6.012764599805982962e-02 3.219787999841849380e-01 1.867634839998988106e-01 7.866393699535012551e-02 1.922862900166738900e-02 6.458668899679161080e-02
1.766867159980758384e-01 9.206910099408481540e-02 5.817813399855521761e-02 3.283263149823730243e-01 1.818425099992892757e-01 7.933716299537894867e-02 1.878296600158967794e-02 6.477709499665941506e-02
1.739097829976897769e-01 9.192733299406535830e-02 5.624638799901571229e-02 3.286987639831427943e-01 1.800266149992056641e-01 8.200192299515349226e-02 1.864595400157333452e-02 6.854323999640454801e-02
1.726886129974283535e-01 9.400494299368837570e-02 5.457925499943945546e-02 3.326234719819032293e-01 1.764706899985359623e-01 8.216672099512449534e-02 1.821567000148062790e-02 6.925063599598434150e-02
1.692301019967808184e-01 9.549762299380706865e-02 5.245440700012612978e-02 3.367525949813119368e-01 1.737053309980447491e-01 8.339313399511197322e-02 1.807188200144245818e-02 7.089492599596991518e-02
1.683864639964624543e-01 9.691903499347313822e-02 5.063120000063879578e-02 3.373622579804451127e-01 1.713891919974297740e-01 8.495774999482831602e-02 1.775400600138738599e-02 7.260009499575896530e-02
1.661886109960996061e-01 9.807969399343689776e-02 4.902283900120633919e-02 3.420761059790293768e-01 1.676994779966430038e-01 8.503309099475936383e-02 1.755007600136243226e-02 7.435010499537934858e-02
1.637734539959835867e-01 1.004162309934265168e-01 4.738304000188779674e-02 3.426620839790739947e-01 1.647013879963961647e-01 8.752057099445262334e-02 1.728306200131583120e-02 7.626016999520744688e-02
1.630178599960481478e-01 1.012818749933976914e-01 4.595142900237845357e-02 3.409699179796756296e-01 1.642845869962980543e-01 8.926358299408126973e-02 1.706890300127638510e-02 7.816184499505254846e-02
1.597357449956784692e-01 1.026127719933060956e-01 4.407664500317787920e-02 3.438916229788163137e-01 1.620199409961675663e-01 9.071169599388220761e-02 1.666339300116629826e-02 8.028818499508430517e-02
1.608453939958632006e-01 1.051688939931468836e-01 4.251731400394394289e-02 3.417087859799046168e-01 1.583483039958409888e-01 9.212492199370771184e-02 1.686153900122756844e-02 8.242484699483064448e-02
1.584313679955469956e-01 1.071607259931279116e-01 4.127638100417730521e-02 3.404009499804474537e-01 1.583539149959293790e-01 9.425316499353632305e-02 1.647294600113727997e-02 8.365054899476032091e-02
1.581048529955986492e-01 1.088327809929181267e-01 3.985681500407826927e-02 3.370036079813522600e-01 1.572549199955855792e-01 9.566149499336902562e-02 1.633881100109450119e-02 8.694671699465310322e-02
1.555195559952643192e-01 1.095480289929413042e-01 3.875811500402170928e-02 3.362085579821563752e-01 1.554879829956800352e-01 9.822773399304819686e-02 1.620833400104104705e-02 9.004169099427392076e-02
1.574726629956348933e-01 1.121650389928419700e-01 3.740869400396016481e-02 3.290171549838692977e-01 1.533918809952015683e-01 1.016446899927908182e-01 1.616345800104091943e-02 9.273641999409067138e-02
1.542344139952344928e-01 1.150818579928391955e-01 3.632948700387161889e-02 3.275436569845712187e-01 1.538965029955764452e-01 1.029365269927695614e-01 1.588713300097863504e-02 9.409042099395360792e-02
1.547967609952208556e-01 1.178930229928561446e-01 3.529380300376297463e-02 3.232427609859051532e-01 1.508595959952638843e-01 1.049573429927774110e-01 1.582019000095756175e-02 9.713652299367821208e-02
1.548305069952090607e-01 1.201068639928392634e-01 3.435170200371193833e-02 3.161441969869221991e-01 1.512175599954904692e-01 1.078504339924424155e-01 1.565717500087695363e-02 9.984156099358584835e-02
1.535020209950544723e-01 1.227047219927976801e-01 3.338234200363526805e-02 3.150599019870791717e-01 1.490197409952849217e-01 1.098243659923082149e-01 1.540761400085685282e-02 1.010992919935342488e-01
1.544179799951792276e-01 1.245598799928670231e-01 3.256731900355887277e-02 3.072091649888151199e-01 1.481913659948876916e-01 1.134082729921881277e-01 1.538757500085258419e-02 1.042584419935327356e-01
1.533454449952290355e-01 1.279294009929541065e-01 3.163917600343252312e-02 3.000101139904163827e-01 1.494949619949269559e-01 1.161866109922195384e-01 1.522344100079691190e-02 1.061708499934540945e-01
1.536376459952985829e-01 1.307999819928614138e-01 3.100812300340958366e-02 2.947079429916963922e-01 1.479381949949009623e-01 1.187656059920982887e-01 1.504495900076980273e-02 1.080975459936246025e-01
1.528862509951443016e-01 1.337858719929771734e-01 3.023910200329157916e-02 2.877963439924177691e-01 1.465178059950947576e-01 1.221824209918366128e-01 1.506263200077599153e-02 1.115295719933773327e-01
1.551860939951802132e-01 1.358742819930537915e-01 2.945817500322125970e-02 2.820535049936122030e-01 1.448028029948751627e-01 1.249109699920005478e-01 1.495528900071141018e-02 1.127588819935458897e-01
1.554057419955054975e-01 1.382338609932138862e-01 2.862679100311218625e-02 2.748148459949845690e-01 1.454722869948191499e-01 1.285150129918329887e-01 1.472977600067002478e-02 1.142016839933910899e-01
1.548567629952547486e-01 1.411595329932441301e-01 2.809447800302984286e-02 2.655550249960460518e-01 1.437274019946667980e-01 1.327748389919859717e-01 1.487980000071046152e-02 1.189521599934868917e-01
1.541523449951818503e-01 1.448098139934556328e-01 2.761388100297782963e-02 2.606178049973201238e-01 1.435665339946578523e-01 1.346178269918958392e-01 1.461007500061775946e-02 1.200117189935167444e-01
1.565244159952869085e-01 1.461172919934580761e-01 2.677696200285787156e-02 2.517316129978880435e-01 1.454280869945705212e-01 1.374122659921396539e-01 1.456274300060113151e-02 1.214466209935577828e-01
1.557330709951022241e-01 1.499127899937477415e-01 2.625586900277984345e-02 2.451738629989816676e-01 1.441664489947454553e-01 1.400760079921689050e-01 1.444707400056221246e-02 1.242348759933774027e-01
1.566734319953393406e-01 1.529700279939759933e-01 2.583669000269871521e-02 2.354035189998804345e-01 1.434050619948148142e-01 1.452962299923735989e-01 1.442101300057029890e-02 1.259940259935084239e-01
1.564882359953361501e-01 1.547086279940434461e-01 2.553135400264431101e-02 2.279773840001434737e-01 1.441226889946300438e-01 1.491833539925480345e-01 1.423479100049950853e-02 1.277535639937188161e-01
1.560955469952487462e-01 1.584475129941975979e-01 2.503204400259074341e-02 2.225119950007043157e-01 1.420766519948560846e-01 1.533256269926922544e-01 1.424843000049593779e-02 1.282621919937595167e-01
1.569358399952363869e-01 1.625116129946294896e-01 2.439629600243961929e-02 2.106204330007215852e-01 1.453308159948892009e-01 1.568232859930455969e-01 1.411323000046630846e-02 1.292684859934755404e-01
1.564155379954958458e-01 1.659664989948021196e-01 2.406849600238471221e-02 2.062458280009234757e-01 1.412353879944912849e-01 1.613249429931117307e-01 1.404929700044338543e-02 1.306940109940200323e-01
1.580153239954153188e-01 1.667570639948855182e-01 2.386481900235030290e-02 1.968270070004872474e-01 1.430796739948092533e-01 1.652833959932485108e-01 1.401878200042982851e-02 1.321539339938455626e-01
1.584350699954121255e-01 1.696483239954694466e-01 2.333710600225211498e-02 1.882006439998664682e-01 1.436036459947555577e-01 1.689793109935641968e-01 1.390520500039706467e-02 1.338906939941647556e-01
1.576146599953053562e-01 1.713728909960487434e-01 2.291623500215036677e-02 1.829976009988280028e-01 1.433688339945312917e-01 1.730192329947844443e-01 1.376547600034277487e-02 1.349450699943013088e-01
1.453357739937554405e-01 1.441699279936362876e-01 1.648456059949207908e-01 1.650536239949124961e-01 1.149207109936889598e-01 1.484261859927683835e-01 1.228563499982121381e-02 1.049625359936123686e-01
1.465418619938115841e-01 1.502977819939390891e-01 1.586533029944607875e-01 1.575817809945459225e-01 1.172434609935477795e-01 1.520925959929352866e-01 1.229307399980377087e-02 1.052961409935532916e-01
1.523945829941655006e-01 1.508640919939788771e-01 1.518943349940392873e-01 1.508869049941493623e-01 1.170955069936588377e-01 1.552440209929857595e-01 1.221764299978443137e-02 1.094029139933863221e-01
1.000000000000000000e+00 1.000000000000000000e+00 1.000000000000000000e+00 1.000000000000000000e+00 1.000000000000000000e+00 1.000000000000000000e+00 1.000000000000000000e+00 1.000000000000000000e+00
1.000000000000000000e+00 1.000000000000000000e+00 1.000000000000000000e+00 1.000000000000000000e+00 1.000000000000000000e+00 1.000000000000000000e+00 1.000000000000000000e+00 1.000000000000000000e+00
2.024507780007432367e-01 8.321843899517726573e-02 7.584723299571641264e-02 2.855722009920394489e-01 2.126019980013430233e-01 6.826024699670209250e-02 2.119854700192310912e-02 5.085055700007131557e-02
2.002708170006369526e-01 8.418191099498147090e-02 7.400498899583435319e-02 2.898977109909925409e-01 2.095353570014728550e-01 6.968197599638777107e-02 2.075854800187527591e-02 5.166869099979551350e-02
1.978983860008956819e-01 8.470317199498843264e-02 7.268732699595317759e-02 2.949559199899217665e-01 2.057544030014753222e-01 7.095527099635728918e-02 2.070562600188592672e-02 5.233989499960010200e-02
1.959803470008081583e-01 8.617631499483835444e-02 7.021548399631059867e-02 2.982286959894596690e-01 2.028761050008911770e-01 7.193878099623825240e-02 2.053039900187094563e-02 5.405387299909170107e-02
1.931648949999697218e-01 8.729549999468066979e-02 6.828429399659684262e-02 3.030115529886021064e-01 2.004571660011374989e-01 7.256303199609782928e-02 1.991194900177126886e-02 5.531161099880372439e-02
1.901882879998608999e-01 8.863668499449479932e-02 6.627287099686472727e-02 3.090087269873112441e-01 1.968257930008124323e-01 7.331161799600334483e-02 1.982379600177506043e-02 5.593222199850985538e-02
1.862999839995113094e-01 8.940548699428327306e-02 6.483474899707472594e-02 3.161595659858039142e-01 1.916283080005733996e-01 7.407942699586873847e-02 1.973953400176042816e-02 5.785294499809599811e-02
1.852107099994850792e-01 9.091843299416146884e-02 6.235123899768911515e-02 3.200347499849287569e-01 1.886751700001851606e-01 7.548628399578356796e-02 1.916018400167983360e-02 5.816322999825906948e-02
1.825988179988652926e-01 9.210789899400127767e-02 6.048394599798811305e-02 3.256228019835014087e-01 1.836238389997553178e-01 7.581566499571475160e-02 1.900273600164235563e-02 6.074429499755474443e-02
1.803617249988712090e-01 9.289135399395855031e-02 5.861166899839322791e-02 3.270030309833273363e-01 1.830491179994018502e-01 7.685157899565996098e-02 1.880386800159919436e-02 6.242765599727696790e-02
1.776009959984188036e-01 9.352421899377491576e-02 5.640221499893368490e-02 3.312256109822377947e-01 1.797511039990255244e-01 7.872305899542482444e-02 1.856703500155421765e-02 6.420576099684746629e-02
1.735142419977889205e-01 9.551421799385517719e-02 5.468738299943234904e-02 3.376195719803499196e-01 1.767594479984681277e-01 7.928621499534337091e-02 1.822799500150286411e-02 6.439092699689138999e-02
1.747358929978688191e-01 9.740581299353213984e-02 5.305393199987074038e-02 3.381350339807962513e-01 1.730351889978894997e-01 7.925864799537685190e-02 1.788206000144139038e-02 6.649343099660552647e-02
1.710760579974064943e-01 9.786973499369495955e-02 5.070549900063351517e-02 3.407401299800212890e-01 1.719325649975891324e-01 8.149046899521801557e-02 1.770934200136043551e-02 6.847620199630977122e-02
1.690700289965682557e-01 9.950536899344643305e-02 4.941347000106163095e-02 3.429021139789601991e-01 1.688041479971024716e-01 8.246727299510815679e-02 1.748570400136814293e-02 7.035189299604982516e-02
1.676741239964217589e-01 1.007196569935354391e-01 4.756489900181634645e-02 3.456118619783143942e-01 1.648564379963491644e-01 8.401723599504273832e-02 1.726913100129210885e-02 7.228665299594876081e-02
1.677124379963597367e-01 1.026621459931680580e-01 4.589197500242089139e-02 3.438240329784563176e-01 1.639218069963758739e-01 8.515353699484448646e-02 1.698939500125293267e-02 7.384466899556826891e-02
1.653201429963591651e-01 1.043500619931136408e-01 4.461715300296614090e-02 3.439297149785766061e-01 1.627582599960348819e-01 8.659169999450856692e-02 1.679301100119716394e-02 7.563995599549314108e-02
1.628088059959333644e-01 1.062077779931397542e-01 4.281630300379042631e-02 3.455275099782772474e-01 1.599340219958757248e-01 8.833962599440801922e-02 1.660867700115722240e-02 7.775727799540815832e-02
1.614364529957088013e-01 1.090571139929584071e-01 4.156494600422331459e-02 3.416484439796279582e-01 1.596622429958612366e-01 9.088143299396328478e-02 1.627265800109601451e-02 7.947670899504838404e-02
1.622864249959365124e-01 1.104723189930398447e-01 4.010768700412541132e-02 3.404426319797562717e-01 1.567176389956835003e-01 9.210939199377962683e-02 1.616567500105218352e-02 8.169823099487921736e-02
1.599932239956914914e-01 1.119093769929363213e-01 3.887689800406903678e-02 3.379755309815907216e-01 1.555588269958570469e-01 9.441175199356159620e-02 1.610459600103998287e-02 8.516979499468170511e-02
1.594754629956442182e-01 1.154909319927223260e-01 3.771021100396924203e-02 3.338272869825016920e-01 1.545585499953998909e-01 9.612147599328810244e-02 1.593056200101063830e-02 8.688551899455548844e-02
1.588375119955665327e-01 1.170668399928297687e-01 3.664229000388068841e-02 3.330469159834562598e-01 1.502617409952277938e-01 9.842896299303445506e-02 1.583374200096402881e-02 8.988199599427995623e-02
1.579111029954549383e-01 1.197071309927920241e-01 3.568427900380732876e-02 3.261753689848823634e-01 1.515508139953417877e-01 1.015650269928685817e-01 1.572133200095398448e-02 9.168494499403552489e-02
1.585202959955735180e-01 1.216484359928813180e-01 3.476686100378403865e-02 3.237835479851046139e-01 1.496889769952652605e-01 1.033423219926810771e-01 1.553892900089257241e-02 9.271063099418304365e-02
1.571734749955076005e-01 1.254792939925786777e-01 3.347860400365076233e-02 3.193633139861434822e-01 1.487955299951139176e-01 1.058329029926403236e-01 1.539435000085371055e-02 9.448252999407094621e-02
1.571356909953637582e-01 1.278665089930710319e-01 3.264562400352113286e-02 3.110577569885939475e-01 1.494276889950808263e-01 1.080116839924204902e-01 1.530038000083647209e-02 9.855466599363971181e-02
1.591583799955153533e-01 1.307281479930038903e-01 3.194665200349576517e-02 3.078012709886915332e-01 1.443287569949249505e-01 1.107181919922811397e-01 1.500338800074720036e-02 1.003152119935614428e-01
1.573103469954808820e-01 1.337523989929500501e-01 3.087623200338666940e-02 2.985472369910275314e-01 1.473680589948310193e-01 1.141957749921606174e-01 1.503125800073009700e-02 1.029186929937530443e-01
1.573895839955039011e-01 1.339054109931709369e-01 3.018016300329164764e-02 2.965238269907839452e-01 1.441044029946463023e-01 1.170589989920893109e-01 1.499048700076306001e-02 1.058471259933136954e-01
1.570120549955230371e-01 1.392195069932651297e-01 2.978390200325053971e-02 2.866334119931917002e-01 1.461721449949394680e-01 1.192667969920559179e-01 1.477253600066925389e-02 1.071396459933108697e-01
1.598595129955304173e-01 1.413724359932834185e-01 2.906998800318283394e-02 2.771951849946556190e-01 1.441391059949007347e-01 1.228887819920377045e-01 1.475931900065913065e-02 1.107156709934472988e-01
1.575058859954971691e-01 1.452017299933318351e-01 2.835989600310111908e-02 2.729419379957235270e-01 1.439876039947564634e-01 1.258844429921228969e-01 1.453037100059692208e-02 1.115881319934329541e-01
1.586316519954823756e-01 1.467169929935928097e-01 2.758704800295505230e-02 2.663061729963290825e-01 1.437864559947475140e-01 1.296487149919699766e-01 1.451283200058440040e-02 1.128101309935926055e-01
1.594396539956055847e-01 1.491575609936355851e-01 2.713292900291407531e-02 2.562469479971479225e-01 1.447417619947937717e-01 1.320527919918951798e-01 1.447757900057126783e-02 1.167507749934035416e-01
1.598074959955195773e-01 1.523675119938286693e-01 2.664961500283366536e-02 2.497185799982509780e-01 1.440782229948261439e-01 1.359983789919294306e-01 1.442258100057106085e-02 1.169576139936299997e-01
1.613357769957199095e-01 1.570642969941095646e-01 2.594428100271503959e-02 2.407255769995154948e-01 1.418153519945982155e-01 1.402539549921116291e-01 1.430212300051925296e-02 1.185586379935605200e-01
1.599558979955247040e-01 1.604074089943351988e-01 2.560594100266081266e-02 2.317361750001177279e-01 1.436953179948540493e-01 1.430878319922734287e-01 1.416050100048209248e-02 1.213509259936606383e-01
1.599267329954606742e-01 1.619351289946462658e-01 2.517183700257242737e-02 2.255058000002020668e-01 1.439430469947998725e-01 1.465980349922541559e-01 1.408919000046046470e-02 1.228302289935436498e-01
1.624005189956626849e-01 1.657648099947565123e-01 2.450785200245882492e-02 2.160223430005712431e-01 1.421023449947572403e-01 1.500233149924949383e-01 1.404732700044698281e-02 1.251314889938082431e-01
1.628915259960738438e-01 1.682495349949815477e-01 2.418852800242205295e-02 2.097992130009702638e-01 1.421623429946840822e-01 1.540991799926151040e-01 1.391919500041028518e-02 1.246904799935716762e-01
1.638899009957021369e-01 1.719167139960241786e-01 2.369523100230516710e-02 2.018498030005522748e-01 1.420760419946786590e-01 1.563884779928670921e-01 1.384406700037344416e-02 1.263397639937766381e-01
1.624786069958422674e-01 1.746753339966729268e-01 2.346102800227495289e-02 1.940312650000255434e-01 1.422836159944445567e-01 1.618118349928773514e-01 1.379522300036064783e-02 1.274630919937867757e-01
1.442474099934217824e-01 1.440137169936824280e-01 1.751143639967827625e-01 1.744246929964749504e-01 1.155826729935833935e-01 1.352776579923093969e-01 1.220101599977862702e-02 9.913846899375580723e-02
1.472171659939075505e-01 1.472721419937834952e-01 1.685167559953615335e-01 1.673244979953004141e-01 1.145726479935367387e-01 1.413028119924067127e-01 1.222599099979032253e-02 1.015679869937116259e-01
1.511977399941321909e-01 1.506464349938831937e-01 1.619936379946677329e-01 1.610193659946468625e-01 1.164809539935118959e-01 1.439038789924630690e-01 1.213960699974810445e-02 1.026183809938020081e-01
