1.716317939956205629e-01 8.595091299486348757e-02 9.940697899307743279e-02 1.438563609932531906e-01 1.711051289955568822e-01 8.485766699496129217e-02 9.918124499311160858e-02 1.440099119933465344e-01
1.714659729957387635e-01 8.540271599479302977e-02 9.824324599318269569e-02 1.440870529932865018e-01 1.707695459952055239e-01 8.655246799463439666e-02 9.827951299329341917e-02 1.451994849933183063e-01
1.686130529948241252e-01 8.735489499452679663e-02 9.633684999346449340e-02 1.470250719933674233e-01 1.712580539954877135e-01 8.729724899472017519e-02 9.636583599340786677e-02 1.457489909934182315e-01
1.687582429950053864e-01 8.820030899454413265e-02 9.480017899352835564e-02 1.476541219933344140e-01 1.691653249949068571e-01 8.894449599429112008e-02 9.494012399367518507e-02 1.475372019935831946e-01
1.679417319946364395e-01 8.947343099429394542e-02 9.337488099369400940e-02 1.490186849936454561e-01 1.694276599950869100e-01 8.917471799427244272e-02 9.346432499377675673e-02 1.481245679935360993e-01
1.667207769946966733e-01 9.083575299401711045e-02 9.215695099378118371e-02 1.499910349934110432e-01 1.674418059946554127e-01 9.136520999400925269e-02 9.159247999390120187e-02 1.498959879934603223e-01
1.648058339944600270e-01 9.202073399396899778e-02 9.121326999402665225e-02 1.520224919936999652e-01 1.661295389946177703e-01 9.243424999385947693e-02 9.129978799392510225e-02 1.500740929935829582e-01
1.662804959944985117e-01 9.287796599384015583e-02 8.917207399428460357e-02 1.511764439935259496e-01 1.657099359943718930e-01 9.392687299365544418e-02 8.913760699432882184e-02 1.517186039936329334e-01
1.637519509945669360e-01 9.420630299365236049e-02 8.800450499437842411e-02 1.525572629935593727e-01 1.649408659944986422e-01 9.498121899353713371e-02 8.821012999445028424e-02 1.533477629936297049e-01
1.639542099943298026e-01 9.612779299343159056e-02 8.624809499472864405e-02 1.537523249939443670e-01 1.644752129944165586e-01 9.531718499350021190e-02 8.618270399470022436e-02 1.539424749936458559e-01
1.635798449945064514e-01 9.700000599347698149e-02 8.483212199499855222e-02 1.536639269938899210e-01 1.642359539943903379e-01 9.704304099333511957e-02 8.443173699492115269e-02 1.552133679937851285e-01
1.641685669942760106e-01 9.800322899324517834e-02 8.411296099510984225e-02 1.552367799938113024e-01 1.624519739943043606e-01 9.764365599329141721e-02 8.352145899512403160e-02 1.548613739939272149e-01
1.610124529942916771e-01 9.947116099327352190e-02 8.207925699530548014e-02 1.561730569939463464e-01 1.633830189943152877e-01 9.957665299307993934e-02 8.195311299518696913e-02 1.563512869938661343e-01
1.612313289939881489e-01 1.002579049930066024e-01 8.020649699549740885e-02 1.561547169937512192e-01 1.630029149943688360e-01 1.011161749931077658e-01 8.027236999530586170e-02 1.577580919938884330e-01
1.614575899942314319e-01 1.016141039929975426e-01 7.972602599545919322e-02 1.570966109939212485e-01 1.623077649943105161e-01 1.027339029928104192e-01 7.852650699549973412e-02 1.565374939939031818e-01
1.603948039941426318e-01 1.035230519928782983e-01 7.798299999551794315e-02 1.588770549941906085e-01 1.608858209941967654e-01 1.033885769928084702e-01 7.772171799569317641e-02 1.572259729939485262e-01
1.595782459940680575e-01 1.043475429929251741e-01 7.711109199561309857e-02 1.592320839940054578e-01 1.597046099940742647e-01 1.044381249928682115e-01 7.656903199576063634e-02 1.590192679940392317e-01
1.592497549940542212e-01 1.054551849927646279e-01 7.539642899593622383e-02 1.589153989939897649e-01 1.596028929940147834e-01 1.064766519926729216e-01 7.546262299587112865e-02 1.594410639939729535e-01
1.589798089941461268e-01 1.071007369927261949e-01 7.390845899602938029e-02 1.599568959940862733e-01 1.584372069940281902e-01 1.074841289927145616e-01 7.400207799593611080e-02 1.601306849940868915e-01
1.569799349940138034e-01 1.092675109924572396e-01 7.268125899619992669e-02 1.608027669941876348e-01 1.589225819939232009e-01 1.087301819925996088e-01 7.215463599621317614e-02 1.604611279942184943e-01
1.571432929939782230e-01 1.111296029924606354e-01 7.127779099637307492e-02 1.607832619941694796e-01 1.576127739940032524e-01 1.098589399925547633e-01 7.144124699639493870e-02 1.607530899940833036e-01
1.572029739937272630e-01 1.119507069922871523e-01 6.984340099647384781e-02 1.605456359941514755e-01 1.575015529939274017e-01 1.114889389926293911e-01 6.980240399645980254e-02 1.616643859943570349e-01
1.552744849938275384e-01 1.135698809924865910e-01 6.916371799672152432e-02 1.608638379941620400e-01 1.562472969939247280e-01 1.143554689922613443e-01 6.840323899674284613e-02 1.621220729943457506e-01
1.568312369938671125e-01 1.149452779923193918e-01 6.745755199683184378e-02 1.603287269940929793e-01 1.568421539937882025e-01 1.151500039922688373e-01 6.702544199693456772e-02 1.614196059942215322e-01
1.560288439939644112e-01 1.162773259922835201e-01 6.641039799697973089e-02 1.608977409941642067e-01 1.564775449938451413e-01 1.160252909923685932e-01 6.617045999699211478e-02 1.617123949942641525e-01
1.540842459938090991e-01 1.178518989924107613e-01 6.548863099709745228e-02 1.618313399942500619e-01 1.549963929938527052e-01 1.177570799922087047e-01 6.506774899716290250e-02 1.629226619941978871e-01
1.550162339937000977e-01 1.195494699922020204e-01 6.381690499733073951e-02 1.609955709942475777e-01 1.539546469939798712e-01 1.197112509921419016e-01 6.434962499733411223e-02 1.626062969942596859e-01
1.533507929937145964e-01 1.215602599921602189e-01 6.314034499763514219e-02 1.617350079943303265e-01 1.546190779939213278e-01 1.214963339921689561e-01 6.252788699763696389e-02 1.615702949940548971e-01
1.551242579937018029e-01 1.229069979922744610e-01 6.155998599787333020e-02 1.624377769944527483e-01 1.530984559936719447e-01 1.233674389920134812e-01 6.150544999794572282e-02 1.599996359943437751e-01
1.538060489937052022e-01 1.247405059923205745e-01 6.050497799808081389e-02 1.610538179939476344e-01 1.528230589938479600e-01 1.237653019922027586e-01 6.103236499790182928e-02 1.622739229941675687e-01
1.525794159936884331e-01 1.260695049921416733e-01 5.988018199824203525e-02 1.615856509942830976e-01 1.526023659937135180e-01 1.267743659922172250e-01 5.962803299838286691e-02 1.608804809940371228e-01
1.520460769935034484e-01 1.281247219921743119e-01 5.824277099857236295e-02 1.611648369940604508e-01 1.533719049936254630e-01 1.277939149921976103e-01 5.825489699851467418e-02 1.610008759942300471e-01
1.517016859937143081e-01 1.303713999921460032e-01 5.775238299864184077e-02 1.610919019941119690e-01 1.520976889937349086e-01 1.300895449921747049e-01 5.714005499876843863e-02 1.597553399940181695e-01
1.534231659935625935e-01 1.308926869922534264e-01 5.650836599887243406e-02 1.594763539940472208e-01 1.513284129936679767e-01 1.310713059924472346e-01 5.637740799905279626e-02 1.609222999940884968e-01
1.508243649935199493e-01 1.322993049922207287e-01 5.547458999920888700e-02 1.597736069941985970e-01 1.504900459936964197e-01 1.336598699921852929e-01 5.563251999920833940e-02 1.618456969943014023e-01
1.503456629937287292e-01 1.347798259922544928e-01 5.469881599944120126e-02 1.605897739940389812e-01 1.508929909936441993e-01 1.350455759922190302e-01 5.422273699956173948e-02 1.594246169940714275e-01
1.512014979935929759e-01 1.369156489921756481e-01 5.355788299970538208e-02 1.589942869940290104e-01 1.499582809936676475e-01 1.372873489921742074e-01 5.364001999973308510e-02 1.584450329940455815e-01
1.504440129937086590e-01 1.392053559923495110e-01 5.292792599990073926e-02 1.586033599939259964e-01 1.505728929935612470e-01 1.380599169925204039e-01 5.290489699998215944e-02 1.572816379939316056e-01
1.480873049935345354e-01 1.406596969924548135e-01 5.162982700032479194e-02 1.589964159942015287e-01 1.495151379936388858e-01 1.403479249925584094e-01 5.199033600017153450e-02 1.587733559939249472e-01
1.503317409934219751e-01 1.420370169925748993e-01 5.093743400049116632e-02 1.575909959939909011e-01 1.488077939935891214e-01 1.423447029926791507e-01 5.113832900048137509e-02 1.568119859940012850e-01
1.497131739936519434e-01 1.436537279926502209e-01 5.044455900065060450e-02 1.572613099940324555e-01 1.484751709933302688e-01 1.439444939924415245e-01 5.028569700072780396e-02 1.562218669938725546e-01
1.483055079934724185e-01 1.462433289927851654e-01 4.918894000112816745e-02 1.555155709939237962e-01 1.491004969933309166e-01 1.459325259925683960e-01 4.902874400121622067e-02 1.566848849938291821e-01
1.487099459935435630e-01 1.482001449926386161e-01 4.857680900136489288e-02 1.544951039937347004e-01 1.483684359934657471e-01 1.480026359926367718e-01 4.806335000154920989e-02 1.555835739938219442e-01
1.480124869933340248e-01 1.507026509928741098e-01 4.769894600172634030e-02 1.542688149938598596e-01 1.483724319933687474e-01 1.488656839927580133e-01 4.748135600177207094e-02 1.545976289937026904e-01
1.481164009933616521e-01 1.528126219928788165e-01 4.673450700209368786e-02 1.531767519937456690e-01 1.470688509935421384e-01 1.518641809927933350e-01 4.665437100200472281e-02 1.535723149936908394e-01
1.486072829934319273e-01 1.544150879928385955e-01 4.610197300227345668e-02 1.521575019937225770e-01 1.461419779933867402e-01 1.536672759929246512e-01 4.576289700246146536e-02 1.531460029938059575e-01
1.475776389934435051e-01 1.557538489932195069e-01 4.495548500280881904e-02 1.516385989934875556e-01 1.471700149934929147e-01 1.559489019931000198e-01 4.536498400257756719e-02 1.515905269934295363e-01
1.475981109933653668e-01 1.576234169932976825e-01 4.460238900293482522e-02 1.492227969935963350e-01 1.479970259934506038e-01 1.577126579931080186e-01 4.479823700290647137e-02 1.504453649935329762e-01
1.478720969935144736e-01 1.593837709934750324e-01 4.356011900341421467e-02 1.486400179935593868e-01 1.472643079933758370e-01 1.599266509934522684e-01 4.391129000326016857e-02 1.494417459933074233e-01
1.474331769932337999e-01 1.605687209934881787e-01 4.277877900375318121e-02 1.490452469933450930e-01 1.466397319932710164e-01 1.620834919935500162e-01 4.311840800358524711e-02 1.483324439934321226e-01
1.249922549922347498e-01 1.243689869925692915e-01 1.243479219923557533e-01 1.258930999923691396e-01 1.247153819923115525e-01 1.253218259922646849e-01 1.251202459924559696e-01 1.252402819922944499e-01
1.640273449947783901e-01 1.042161619930983135e-01 1.077996219925367039e-01 2.285770480003048166e-01 1.660018699949355470e-01 8.688209099454041739e-02 5.339777999967765948e-02 8.909808199431087927e-02
1.644179769948558578e-01 1.032179599930492103e-01 1.068040679925454373e-01 2.308938760005215252e-01 1.654526369950116704e-01 8.835328799444532033e-02 5.265591399994359184e-02 8.820427999449736989e-02
1.624488289947125241e-01 1.061605249929332140e-01 1.051944279927451015e-01 2.293004500009127589e-01 1.644715079947458858e-01 8.973333599418237272e-02 5.254205499996334600e-02 9.014886899420190836e-02
1.631186409948532645e-01 1.064785069929270328e-01 1.035602099927401126e-01 2.281698420004913130e-01 1.640143549945879686e-01 9.022458299413792238e-02 5.198881900008679030e-02 9.244504299398050018e-02
1.620240379946487619e-01 1.071694869929332439e-01 1.023322429927908256e-01 2.270884770004684416e-01 1.646139619949236188e-01 9.194966799389511780e-02 5.187770600016526623e-02 9.294441899398127316e-02
1.631467229946413633e-01 1.080262719928134357e-01 9.968657999310137630e-02 2.277877200007303871e-01 1.637846699946497175e-01 9.209195599384872866e-02 5.105016800053612663e-02 9.442591099381036912e-02
1.617460459945867512e-01 1.080051449929344681e-01 9.815966899313569027e-02 2.289352240004064176e-01 1.629435449947035097e-01 9.380726499380707961e-02 5.098806900036993717e-02 9.541503699373593550e-02
1.620856649945377204e-01 1.115418939927583231e-01 9.623362199330175171e-02 2.268080100010139988e-01 1.607519189945531557e-01 9.519576599359305669e-02 5.012369900067822903e-02 9.725942499351192261e-02
1.606569219944939397e-01 1.116740649926518114e-01 9.450885499363560760e-02 2.276207030007840193e-01 1.608286759945834754e-01 9.654958799339435904e-02 4.956347700086961156e-02 9.859771399347724841e-02
1.604243599943766807e-01 1.113163679928112909e-01 9.233565999373739841e-02 2.269581840003936646e-01 1.616139759945900700e-01 9.828836199334496648e-02 4.929867300096754668e-02 9.976441699340618530e-02
1.596261419944813020e-01 1.138168759927187107e-01 9.125053899388603507e-02 2.249609340004967983e-01 1.617065959944987974e-01 9.909217799323616349e-02 4.918472000104594927e-02 1.003620149932487327e-01
1.593707549944360646e-01 1.150210409925877114e-01 8.904029699429745481e-02 2.245645140004889628e-01 1.609997699943940819e-01 1.003229359932068798e-01 4.887196200114405503e-02 1.018087249933873617e-01
1.598244189946100013e-01 1.152347839927124473e-01 8.855549199437062757e-02 2.251968880008368978e-01 1.583721119943098943e-01 1.027042249929331769e-01 4.798866900155313031e-02 1.021234109932802475e-01
1.583637169944792367e-01 1.167625139926050798e-01 8.623456599460604943e-02 2.234144300006875861e-01 1.597588679945507462e-01 1.030633179929571625e-01 4.793019700151555929e-02 1.044723899930581068e-01
1.572021989942650189e-01 1.185454049926565195e-01 8.430856699508780527e-02 2.232148330002003134e-01 1.581340629942726561e-01 1.054187669926544973e-01 4.754222300159886144e-02 1.056339429931097973e-01
1.587982009944375328e-01 1.194853719925152713e-01 8.293556899506047964e-02 2.201576470004363850e-01 1.580834779942954793e-01 1.055971829927373484e-01 4.724890700168619256e-02 1.076936429930582112e-01
1.578261989943109123e-01 1.211724139925473981e-01 8.180675599522127528e-02 2.179973830008537783e-01 1.574512149942535466e-01 1.089799429926299468e-01 4.676574000200735270e-02 1.080003499930497213e-01
1.568907729942814744e-01 1.223350949926002157e-01 8.022429999541706713e-02 2.188596420006919951e-01 1.559898809944082199e-01 1.094008439923767201e-01 4.605373200228646269e-02 1.102457329929777269e-01
1.562396709942613648e-01 1.238316589926295314e-01 7.782912299548097601e-02 2.185961830005322681e-01 1.555167939941068667e-01 1.109383519925698641e-01 4.577843100236589358e-02 1.112697869929484412e-01
1.576690579942870984e-01 1.230828319926481479e-01 7.717339799565603453e-02 2.156900830008938452e-01 1.569465009942807021e-01 1.124109789923480457e-01 4.514825800258009947e-02 1.118788909928037228e-01
1.578449499943668510e-01 1.253086089926396252e-01 7.599869799574131279e-02 2.132910630008989228e-01 1.548843759940846943e-01 1.145797859923454731e-01 4.519851700268304184e-02 1.128940009929184640e-01
1.564798349942936873e-01 1.270248209924680627e-01 7.396984499603728724e-02 2.128302410005372125e-01 1.551019169942660092e-01 1.161889289922264368e-01 4.460390200279956002e-02 1.138005099928514063e-01
1.559177589942717657e-01 1.281182729924686681e-01 7.237230099624422652e-02 2.093818220006357922e-01 1.563016759941193989e-01 1.171094899923375843e-01 4.440819700298293676e-02 1.163904819928527623e-01
1.552127389943548375e-01 1.283791419926433586e-01 7.147982899623027409e-02 2.096235170006201520e-01 1.545666999942486020e-01 1.188363319922061678e-01 4.404851800311884724e-02 1.178532229927519853e-01
1.569304089941352398e-01 1.299788779924368198e-01 6.968873899662475502e-02 2.068590840003750597e-01 1.532774789939995164e-01 1.208478159922491135e-01 4.361439300333538882e-02 1.188032019927106608e-01
1.555516259942682777e-01 1.303307109926664931e-01 6.868719299657097266e-02 2.055521390007343518e-01 1.527132489940335736e-01 1.227035579922258618e-01 4.324703700352078989e-02 1.212144869928240554e-01
1.537381479940002904e-01 1.318342039927670462e-01 6.784309399680618635e-02 2.053675780004041163e-01 1.531022139941015936e-01 1.250380959922042512e-01 4.254175500382226249e-02 1.205349109928000040e-01
1.547926699943250328e-01 1.332841979928579279e-01 6.659402199695611813e-02 2.030851790001315382e-01 1.519275849941337242e-01 1.264869439920565108e-01 4.248724400383113026e-02 1.213421579926234617e-01
1.543010049939510520e-01 1.353132549927481554e-01 6.521282199720120076e-02 1.988885009999134812e-01 1.522938469941539641e-01 1.286085949922344263e-01 4.168543700413263747e-02 1.236965379926889264e-01
1.542208379941340246e-01 1.368820229928748577e-01 6.360424499745831461e-02 1.981684659999059239e-01 1.509666839939592109e-01 1.303097919923567050e-01 4.155069100414465755e-02 1.242972609927392030e-01
1.547739429942363576e-01 1.370337659928753948e-01 6.242095799775224108e-02 1.961878900001074733e-01 1.501912669939139966e-01 1.318331779921017299e-01 4.135885300414575416e-02 1.262001449928079611e-01
1.535292239940291570e-01 1.379305749930252178e-01 6.136126599798828046e-02 1.921640469994868317e-01 1.527465569940761048e-01 1.328902639922437956e-01 4.079477400410490284e-02 1.285832929928566182e-01
1.535989079942996494e-01 1.404166049929987947e-01 6.035779299818873345e-02 1.897983699994570395e-01 1.502266349936851597e-01 1.359778169922907509e-01 4.043744700411377319e-02 1.291864249928577624e-01
1.528968329940088022e-01 1.411369059929150349e-01 5.929272899836721122e-02 1.892134759989582415e-01 1.503587649938906978e-01 1.377773599924629611e-01 4.006783600411148449e-02 1.292560949928582004e-01
1.527278339938549223e-01 1.428867009930586129e-01 5.797983599862943649e-02 1.864393969989319999e-01 1.496574119938968439e-01 1.391154829924277636e-01 3.991895500407287994e-02 1.312743819931048717e-01
1.540815259938341786e-01 1.430571369930566383e-01 5.705150999891072522e-02 1.840575289982705198e-01 1.492271799939776100e-01 1.414908149926327741e-01 3.936294200401392607e-02 1.316713609928950868e-01
1.527734699939348739e-01 1.459906609932831723e-01 5.623515999903355711e-02 1.813191549979694950e-01 1.483196789938761861e-01 1.434838259924554882e-01 3.876694800401925267e-02 1.331111009929623057e-01
1.521566859938226768e-01 1.455184469932266356e-01 5.490981699936774846e-02 1.799715849978205662e-01 1.496497539938785037e-01 1.444740669925759780e-01 3.838143100396933932e-02 1.349382129930626895e-01
1.530132519939614022e-01 1.461793649933474382e-01 5.392585499964237805e-02 1.777138769974403176e-01 1.488078649939876263e-01 1.469669889928176543e-01 3.804294400396077136e-02 1.353498529933472860e-01
1.524118159939983896e-01 1.489286119932598795e-01 5.363714199979063846e-02 1.752523279968657699e-01 1.471193709937745064e-01 1.488931829926795347e-01 3.752026300393287994e-02 1.362372849932743102e-01
1.518074299940893324e-01 1.499887679933055440e-01 5.242660000018936617e-02 1.719940069961350682e-01 1.495171759938297706e-01 1.507697199927843235e-01 3.687536600389269836e-02 1.366209329930712923e-01
1.512697849939948214e-01 1.519065469934831603e-01 5.155171900038653388e-02 1.715934939959339323e-01 1.473086379935889534e-01 1.529285879931742420e-01 3.693571100390641293e-02 1.365055179933030993e-01
1.519626169938968763e-01 1.526983419935981079e-01 5.050429300068909333e-02 1.672199649949955291e-01 1.470431379938427485e-01 1.544779419931375519e-01 3.663071000388459786e-02 1.394629929933790258e-01
1.506842449940127560e-01 1.541139239936526184e-01 4.943114100106017067e-02 1.649726279949408347e-01 1.475439019935542440e-01 1.586803299932399713e-01 3.618996600388325879e-02 1.383838639932203907e-01
1.512024189939396857e-01 1.544687899936524611e-01 4.894525600118304620e-02 1.620810199947363972e-01 1.470456879937628858e-01 1.595660319933330518e-01 3.609437400382473765e-02 1.405964209933437126e-01
1.497130489938713616e-01 1.563224809939609272e-01 4.749258800167759087e-02 1.611394219945942452e-01 1.481570899936258956e-01 1.612419289931248945e-01 3.567573400379871196e-02 1.402577069934285992e-01
1.509783609938523119e-01 1.565323619935828914e-01 4.688653800200402039e-02 1.579332159944293879e-01 1.469985969936845882e-01 1.638936019935377242e-01 3.554216200381757340e-02 1.412351619934879565e-01
1.504697159938389595e-01 1.581348949939531123e-01 4.635163200220705076e-02 1.552223659941277811e-01 1.463184449937244003e-01 1.656461839934887659e-01 3.478963800376567300e-02 1.430671239934980243e-01
1.400600789930843415e-01 1.391555609931452719e-01 1.435244789934547738e-01 1.453024459932973078e-01 1.277030599928474508e-01 1.488220459928574491e-01 3.088470300345309144e-02 1.245476259929882007e-01
1.428421759932043122e-01 1.415422099931727407e-01 1.418667239931673263e-01 1.409600179931662922e-01 1.271647479930689273e-01 1.506013089931496907e-01 3.054912900337616866e-02 1.244736859928387424e-01
1.000000000000000000e+00 1.000000000000000000e+00 1.000000000000000000e+00 1.000000000000000000e+00 1.000000000000000000e+00 1.000000000000000000e+00 1.000000000000000000e+00 1.000000000000000000e+00
1.658080479949836927e-01 1.045482109929853076e-01 1.078980529924761372e-01 2.298592920003224849e-01 1.657260019947096041e-01 8.599414699476540247e-02 5.309529299965849020e-02 8.707095399444117478e-02
1.652536529950407174e-01 1.054902429930005270e-01 1.048257799926974598e-01 2.315750100005394829e-01 1.657561139948413587e-01 8.734037399463691342e-02 5.265328999985933317e-02 8.710553599463263796e-02
1.651573599949686111e-01 1.068165529930697188e-01 1.035499089927302274e-01 2.290110680003000498e-01 1.665875639948744269e-01 8.840940999445334736e-02 5.197218000003423627e-02 8.849595599434087467e-02
1.642257439948829889e-01 1.072885869929068314e-01 1.019550469928331288e-01 2.302677680005132121e-01 1.647997599950994096e-01 8.904815499431546766e-02 5.168631500008264573e-02 9.072862399415554391e-02
1.632257029947501437e-01 1.085620869928108911e-01 1.009130699930122499e-01 2.285564009999443980e-01 1.639538219947731801e-01 9.089458399399955035e-02 5.143985100018733797e-02 9.245448199404923684e-02
1.629555369946272536e-01 1.102638419929577174e-01 9.848992499313198590e-02 2.297035910006782478e-01 1.632576459947567560e-01 9.184151799393892868e-02 5.069618600050888185e-02 9.279175499389316628e-02
1.625878349947925960e-01 1.110760369927581148e-01 9.661228199334488675e-02 2.283446270005449197e-01 1.626898799946751017e-01 9.382396999374460755e-02 5.110198400044179551e-02 9.376338499369116231e-02
1.631806399945662789e-01 1.124538029928690008e-01 9.448086499353708367e-02 2.272403500005158450e-01 1.618794399947545981e-01 9.521966199343502579e-02 5.040883000068465541e-02 9.513640999386725750e-02
1.611654339946911596e-01 1.132287869926647261e-01 9.365453299373681373e-02 2.263554440006903257e-01 1.629487139946949048e-01 9.595001899340985241e-02 5.005064200073638947e-02 9.664642699348426069e-02
1.624328209945551382e-01 1.154018979926963173e-01 9.119110099398737568e-02 2.262677630002422613e-01 1.609860929947175556e-01 9.739512199334464382e-02 4.951067000092718856e-02 9.681453199347346550e-02
1.616778219946703177e-01 1.146341039925967836e-01 8.952533799418560534e-02 2.264006990004592823e-01 1.607298839945455748e-01 9.906057399327143631e-02 4.860489600117636616e-02 9.936668299351109068e-02
1.596082879944622779e-01 1.164855109925087423e-01 8.888717299434238661e-02 2.255923890006009402e-01 1.609773549945932025e-01 1.004101109930270047e-01 4.810875100142276983e-02 9.993042199341743703e-02
1.591085309944012260e-01 1.174736069925186172e-01 8.699385899463712990e-02 2.249058860007019378e-01 1.596236839944476515e-01 1.007686249930653533e-01 4.816347400135462947e-02 1.029623339930464537e-01
1.599312759944409579e-01 1.211845859926289071e-01 8.496708699498926876e-02 2.224687850006206447e-01 1.578663489941938558e-01 1.029624459928703550e-01 4.791565900141284140e-02 1.027038119932424803e-01
1.601633079944786986e-01 1.203483699927242884e-01 8.401813299500270060e-02 2.215806950005919096e-01 1.580910319944225928e-01 1.041875529928127930e-01 4.749712300167192869e-02 1.041137859930896387e-01
1.597305359946058767e-01 1.217020159925093076e-01 8.175117699536860183e-02 2.212577710007070375e-01 1.559686259943638131e-01 1.054681379927770030e-01 4.710142200183778383e-02 1.070203139928019576e-01
1.587056359944289119e-01 1.217961759925708792e-01 8.061360899541183955e-02 2.205319520009662859e-01 1.585902259943627324e-01 1.063771269927853286e-01 4.636581800209023385e-02 1.070194559931804817e-01
1.575489419944553215e-01 1.246695359927167540e-01 7.904419499548710759e-02 2.183601030010897948e-01 1.570808109942189446e-01 1.088601239925337250e-01 4.602758900234012185e-02 1.084086999929474299e-01
1.584142259945368336e-01 1.265960249926244285e-01 7.756362799557736665e-02 2.174344680010939779e-01 1.554448879942174622e-01 1.092377139926092172e-01 4.577431700236624101e-02 1.095347339930518860e-01
1.577459829944932723e-01 1.271864319927313580e-01 7.617863899572767383e-02 2.152077590010026131e-01 1.563818029942283527e-01 1.118883439924544532e-01 4.511916500257107110e-02 1.102918749929696907e-01
1.597053079943578369e-01 1.279318429927668588e-01 7.528027999582653784e-02 2.130687400009754207e-01 1.541835589940029061e-01 1.134269639924977285e-01 4.468620700282433661e-02 1.117170989930416081e-01
1.579884799943865326e-01 1.290982219926500030e-01 7.386657199609104885e-02 2.113648760005286675e-01 1.553559459942818188e-01 1.150462539922896404e-01 4.416474800301947029e-02 1.131149019928099075e-01
1.576750649944672344e-01 1.310757659927503094e-01 7.187114299614551227e-02 2.097917470003955454e-01 1.549305839940774143e-01 1.172785069922430007e-01 4.390856000312796936e-02 1.134686279927433344e-01
1.578961379944161247e-01 1.310203309927961135e-01 7.063846399654750974e-02 2.102616750004398793e-01 1.527006049941599664e-01 1.175467099922643394e-01 4.404119800313124194e-02 1.158948789928393452e-01
1.573501779941923751e-01 1.320696469927490624e-01 6.943123199654586963e-02 2.055368960001690559e-01 1.545321699941459570e-01 1.193952619923627223e-01 4.375963200325273111e-02 1.179249829927678794e-01
1.575678709945398104e-01 1.341642119927544397e-01 6.784893299667289768e-02 2.035916810002937616e-01 1.535791359940145706e-01 1.219916989921007722e-01 4.253818900383159185e-02 1.187182789927569010e-01
1.566949179942793147e-01 1.343118579927264911e-01 6.705629899684793782e-02 2.022919330005592542e-01 1.540204229942248870e-01 1.224932789923302151e-01 4.253423500386770834e-02 1.205970549926899393e-01
1.560360029943212157e-01 1.356371979929926475e-01 6.508314399718058418e-02 2.016507540001521159e-01 1.529716819939716810e-01 1.261503079921914017e-01 4.216871000406312991e-02 1.203022009928392394e-01
1.558146359943654580e-01 1.373963759928890638e-01 6.441606199729234261e-02 2.004111450003688288e-01 1.508268749939983833e-01 1.267130009919276712e-01 4.208773200406121934e-02 1.223341729928717619e-01
1.568869849943256012e-01 1.388904079928465485e-01 6.286873299753431565e-02 1.966142069996983099e-01 1.508560549940420603e-01 1.289230079919080896e-01 4.107734900412787771e-02 1.238832549931112859e-01
1.554552969942667728e-01 1.389907799929190890e-01 6.211441899786612764e-02 1.960126569998882073e-01 1.525427389942382306e-01 1.304298749921744549e-01 4.116558500415271743e-02 1.232886479927557538e-01
1.545549109941755372e-01 1.409202389929916643e-01 6.070248199807558309e-02 1.935153209999721513e-01 1.514280619940873429e-01 1.322735229921553624e-01 4.045395800405901521e-02 1.261515039927970927e-01
1.559507109941256353e-01 1.432261259929346331e-01 5.950897999825767448e-02 1.893982429991159511e-01 1.508481639939039110e-01 1.338901029921725494e-01 4.040785300407915420e-02 1.267698199929547243e-01
1.549512909941730410e-01 1.439421259931640551e-01 5.830151199856418304e-02 1.897645879989516282e-01 1.505566489938507946e-01 1.347170289922901276e-01 3.955639600399688677e-02 1.282104089929055335e-01
1.546063599941608357e-01 1.452848609931041701e-01 5.708394499886302459e-02 1.872001179990963327e-01 1.498990879940062526e-01 1.376395659923600467e-01 3.943487200403134052e-02 1.288511899927959059e-01
1.545573339942107050e-01 1.467500929932399056e-01 5.642201499901260131e-02 1.849201109984915659e-01 1.494143929937723769e-01 1.399176709925587236e-01 3.884653100400257270e-02 1.291718519927790576e-01
1.545921479942753418e-01 1.477207609932962296e-01 5.488921899938140753e-02 1.817049689980020644e-01 1.490589549937180180e-01 1.418569759924729612e-01 3.850038300396477209e-02 1.316765889928125099e-01
1.530900259940109476e-01 1.497914289936551346e-01 5.427258399951957052e-02 1.794151449977022528e-01 1.486562169937866718e-01 1.438482229923593592e-01 3.865077500399259625e-02 1.322756009929936249e-01
1.539117079940183763e-01 1.505198569933944297e-01 5.356080899972501946e-02 1.760774419972044591e-01 1.499756429939363978e-01 1.456058439923991199e-01 3.799987800396519705e-02 1.323488189930242809e-01
1.537834839939294096e-01 1.513272329935867466e-01 5.245455500008053967e-02 1.762546719971556930e-01 1.474385009938598001e-01 1.470579219927171388e-01 3.761101100389063756e-02 1.340726219932217023e-01
1.528638589941301862e-01 1.533469419936887290e-01 5.203918100018360693e-02 1.710348089959526918e-01 1.484383429937790599e-01 1.510263719927773529e-01 3.696123000388890772e-02 1.342892639931031196e-01
1.546762499941111979e-01 1.528340479937007335e-01 5.092962600054475736e-02 1.707531399958485685e-01 1.461589319937257325e-01 1.521509619928481105e-01 3.700960300390248453e-02 1.354874389929235090e-01
1.534306629941900868e-01 1.554745639937313850e-01 4.994607500082027390e-02 1.670322199949315356e-01 1.472530059939520797e-01 1.542156669929032331e-01 3.666166900387684419e-02 1.359861359929515345e-01
1.538018169940547630e-01 1.555733219938415790e-01 4.910710100119295568e-02 1.638049269947688680e-01 1.474939919937067745e-01 1.569628959931241574e-01 3.609563000386561971e-02 1.371603149932644761e-01
1.532137309940965475e-01 1.563460789938436735e-01 4.803628100151875746e-02 1.620160059947074183e-01 1.481981029937666228e-01 1.583671059931351932e-01 3.594252000383809514e-02 1.378801739932235815e-01
1.537847939940069353e-01 1.597964969939322244e-01 4.724795900182038322e-02 1.590849529944373397e-01 1.457378539937800865e-01 1.593829479932513116e-01 3.563680000381572871e-02 1.393281949934373487e-01
1.402067349933248663e-01 1.394608189929613107e-01 1.496887099935722831e-01 1.485446349934886889e-01 1.267683599930294336e-01 1.427798469926621905e-01 3.122583000344557672e-02 1.213250639929748520e-01
1.413463249931451449e-01 1.417673729932236171e-01 1.448919539932162215e-01 1.462136809932467474e-01 1.271846739930548587e-01 1.447654699926255728e-01 3.109703600341792371e-02 1.227334869928931593e-01
1.426061729931310806e-01 1.436844339931040160e-01 1.420251899932080952e-01 1.425450429930992524e-01 1.271981189929573541e-01 1.479783089929107842e-01 3.105963400337936192e-02 1.229030979929195966e-01
1.000000000000000000e+00 1.000000000000000000e+00 1.000000000000000000e+00 1.000000000000000000e+00 1.000000000000000000e+00 1.000000000000000000e+00 1.000000000000000000e+00 1.000000000000000000e+00
1.000000000000000000e+00 1.000000000000000000e+00 1.000000000000000000e+00 1.000000000000000000e+00 1.000000000000000000e+00 1.000000000000000000e+00 1.000000000000000000e+00 1.000000000000000000e+00
1.681839369950903218e-01 1.079842899928912664e-01 1.058988279926343784e-01 2.305268490007123805e-01 1.647417359949567284e-01 8.526616599498385018e-02 5.223687600007635712e-02 8.516131799482977438e-02
1.671866539949973807e-01 1.070979779929852049e-01 1.041767289927416490e-01 2.302291590006842192e-01 1.655048319949432023e-01 8.740461399449279967e-02 5.224615799996321780e-02 8.615387599475987646e-02
1.660205419949625505e-01 1.092226389927828806e-01 1.027055409926665164e-01 2.315529000006796012e-01 1.629383399948078626e-01 8.769843999453358352e-02 5.144061700036057366e-02 8.842098099429608615e-02
1.658760109948474726e-01 1.089834089929563737e-01 1.009120249928936175e-01 2.302478260003857080e-01 1.639859479949111742e-01 8.850455199441850662e-02 5.137774600026462357e-02 9.011248299418544994e-02
1.650104139950067106e-01 1.111204319926902412e-01 9.881654499313161089e-02 2.307641920002599101e-01 1.629671499945441193e-01 9.015265799428633098e-02 5.095707200039059637e-02 9.021153699414810601e-02
1.645721739947557660e-01 1.117404149928375029e-01 9.785157099322894236e-02 2.296731650007505232e-01 1.638565999948105312e-01 9.025071199413756129e-02 5.065175400058403304e-02 9.140360899400407080e-02
1.636024679947749305e-01 1.129641819926494872e-01 9.538273899341184747e-02 2.304733420007589739e-01 1.611802399946396236e-01 9.311383099386995321e-02 5.004897600068812513e-02 9.323422199386728615e-02
1.631135419946254383e-01 1.135687249927477410e-01 9.414416199358409398e-02 2.292457680006156351e-01 1.614243519945708361e-01 9.406397499379022531e-02 4.972865500094492824e-02 9.471082099378314023e-02
1.638292829948936324e-01 1.153846269926112472e-01 9.170270099387688167e-02 2.269494430010139951e-01 1.615259829946969483e-01 9.560934999360554132e-02 4.990933700082040431e-02 9.508927599379490836e-02
1.627363749948017857e-01 1.159837599926094864e-01 9.078816099396976036e-02 2.273205160006191994e-01 1.606510999946814955e-01 9.583016399356215909e-02 4.933110400098283943e-02 9.735881999330647796e-02
1.652337659947217263e-01 1.167675169927071543e-01 8.853917299440716704e-02 2.264064510008865494e-01 1.595078449943150012e-01 9.747825099335399868e-02 4.863684200123966073e-02 9.743015499346960318e-02
1.611879119946962313e-01 1.189271239926859153e-01 8.791872599448674608e-02 2.249363360011051860e-01 1.603759879946367872e-01 9.873466599320514236e-02 4.839176100128255581e-02 9.952748699335714488e-02
1.605382679945027702e-01 1.193532289925666318e-01 8.537839899489883810e-02 2.263442950007021892e-01 1.596044769945389741e-01 1.010427999930384735e-01 4.757955300164579127e-02 1.001589789933534924e-01
1.620581809946384233e-01 1.210550209926603143e-01 8.359452299511921369e-02 2.222883230007328403e-01 1.591735859943589071e-01 1.021304569929452621e-01 4.720471700177548274e-02 1.024951919931928745e-01
1.615076329945099032e-01 1.226114969925290038e-01 8.295456499518882865e-02 2.215388720008177603e-01 1.569986479943427937e-01 1.036869849928866161e-01 4.737915500166487576e-02 1.033226449931503865e-01
1.605515039948171852e-01 1.236975459926212551e-01 8.130998899517689893e-02 2.202034260007714739e-01 1.584197709944105414e-01 1.045120429926500033e-01 4.692209600193655156e-02 1.043836249931256871e-01
1.603388329945160395e-01 1.249060859927169087e-01 7.942798199543027460e-02 2.206904230005989898e-01 1.574646639941228166e-01 1.051961679926285004e-01 4.652935700203766206e-02 1.054464869930955978e-01
1.602309829947249353e-01 1.263705049925543111e-01 7.839340399556055106e-02 2.186515330009970448e-01 1.561756049942394087e-01 1.061753509926968431e-01 4.596340700231289766e-02 1.080392119929463463e-01
1.592850659945771186e-01 1.272223999926809235e-01 7.647083999575299273e-02 2.172203180010914836e-01 1.554915259942377392e-01 1.099593319924682816e-01 4.547414500250009789e-02 1.088763729929266150e-01
1.608326869945312931e-01 1.278184329926908003e-01 7.561407699577996078e-02 2.153439920007483299e-01 1.559721639943268401e-01 1.108140059923848897e-01 4.455899400288492601e-02 1.090456469929252936e-01
1.586728039942724156e-01 1.295307579926913422e-01 7.384136699593518705e-02 2.129787300007581763e-01 1.564507089941169771e-01 1.131280229924758185e-01 4.485422700270943336e-02 1.105433819926931460e-01
1.587206519944739658e-01 1.317881479927194011e-01 7.257106699623838697e-02 2.125990110009163270e-01 1.528186079940655751e-01 1.141892619923897678e-01 4.420759900300418044e-02 1.131056529927522009e-01
1.593336249944131144e-01 1.316393609928409314e-01 7.127432599632328725e-02 2.088442230005659872e-01 1.551211819942236725e-01 1.159462259922839911e-01 4.396862600316744918e-02 1.138724309927707373e-01
1.579079319943373916e-01 1.345456069928074316e-01 7.018074499643330022e-02 2.086606070008262259e-01 1.541604349940046415e-01 1.167678879923002566e-01 4.365019500332747299e-02 1.141265909927818706e-01
1.586889169944967759e-01 1.339059969928271254e-01 6.821988999677426613e-02 2.072654700004662176e-01 1.543766189942323841e-01 1.180874539921808603e-01 4.314376900353257549e-02 1.163118839926474968e-01
1.579455989944051342e-01 1.361751009929097755e-01 6.713832099692199074e-02 2.066114310003402121e-01 1.527408459939944563e-01 1.199127929922452346e-01 4.244741500385545291e-02 1.170284939928926682e-01
1.588162179944729302e-01 1.374087329929538914e-01 6.618257699699051089e-02 2.022659630005642362e-01 1.529890799941373558e-01 1.220171639923182255e-01 4.226376000396787902e-02 1.180565049927174426e-01
1.576918829943189659e-01 1.378837919928410372e-01 6.447064499726902487e-02 2.027236430002120615e-01 1.511371669939646223e-01 1.244886039921621196e-01 4.195509000414747447e-02 1.196491759927704734e-01
1.582110129943338495e-01 1.398729389927241828e-01 6.376567599749424775e-02 1.995873820001425880e-01 1.505357809939260882e-01 1.260322879921902950e-01 4.174868500409122801e-02 1.202462359930182301e-01
1.561340919940225613e-01 1.416789879930357710e-01 6.256675199775138529e-02 1.978825280000086895e-01 1.513334679938419247e-01 1.272810189921637913e-01 4.096302000408814925e-02 1.221601329929549312e-01
1.571283639943338584e-01 1.439179359931269386e-01 6.097612399796857596e-02 1.970487539998839466e-01 1.499592269940466793e-01 1.282986949920910946e-01 4.118107400414775660e-02 1.214898259928975377e-01
1.571449369942714003e-01 1.439220059932915796e-01 6.017311999817299972e-02 1.928586619994406004e-01 1.503086039941038399e-01 1.320392629922666483e-01 4.042801100403423803e-02 1.231253969927815356e-01
1.562473369943446211e-01 1.455360559931490883e-01 5.933612499839639037e-02 1.901595159989436234e-01 1.508620989939304102e-01 1.324306379922478571e-01 3.999357800405247548e-02 1.254346509927866671e-01
1.562363459944396960e-01 1.466751739932435628e-01 5.825095399857949802e-02 1.882366219990213585e-01 1.498821049939224603e-01 1.344962509922414950e-01 3.983663800408886874e-02 1.263859099928418273e-01
1.570084299944049244e-01 1.484429879932988305e-01 5.710864699896283508e-02 1.852730629985985811e-01 1.504913689939983978e-01 1.353201339923149060e-01 3.933838400402586699e-02 1.270169849929557448e-01
1.554893739940331754e-01 1.493543649933438688e-01 5.573692799925195757e-02 1.860491259986860046e-01 1.490478989939202081e-01 1.376317189923228490e-01 3.870430600400948107e-02 1.279862829926655399e-01
1.563069199943031840e-01 1.503504899933540695e-01 5.496641099936271091e-02 1.822837169981126604e-01 1.485279879937598524e-01 1.388869339923939350e-01 3.888344800404901214e-02 1.297940919927961234e-01
1.569011249944028685e-01 1.510014049932739411e-01 5.424651899950175271e-02 1.785786549975686976e-01 1.481484909938599881e-01 1.421238559924401790e-01 3.802285700396162288e-02 1.309770919929494071e-01
1.563585339942361319e-01 1.532773129935336986e-01 5.279831699993591670e-02 1.751581709966276157e-01 1.484186669937790914e-01 1.436461939925434972e-01 3.814693400397289880e-02 1.321958699930924075e-01
1.553630139941203636e-01 1.537001649937318193e-01 5.266392800000729846e-02 1.747548839966108214e-01 1.481406799937141361e-01 1.458601039925520038e-01 3.732993600387085609e-02 1.321872889929808226e-01
1.550213629939366788e-01 1.552524869938051999e-01 5.094490000055485607e-02 1.716321809959760192e-01 1.480032759937696396e-01 1.481279839926619990e-01 3.736084900389189528e-02 1.336569599932489749e-01
1.548190319940353776e-01 1.562578079938980735e-01 5.021253700078309734e-02 1.696246809956084567e-01 1.481625409937530891e-01 1.500258959927421587e-01 3.720777600387294159e-02 1.336897289931926747e-01
1.545537659942509690e-01 1.586830799940476822e-01 4.958514300095102911e-02 1.670221159950825152e-01 1.460422649936381767e-01 1.525689379928204248e-01 3.630506400391271538e-02 1.352396279932046586e-01
1.560554489942444223e-01 1.589634579939543935e-01 4.882090800115969353e-02 1.642390669947794979e-01 1.461486879938385108e-01 1.543738459928352125e-01 3.598170700381296550e-02 1.354168769932634075e-01
1.394363699932781309e-01 1.399089009929981031e-01 1.543118329937176458e-01 1.530544199938227712e-01 1.271446729929244235e-01 1.374254129923762058e-01 3.166261500345132762e-02 1.170557749929838492e-01
1.422303129930718724e-01 1.417612419929759338e-01 1.508016999935447300e-01 1.510921189937470543e-01 1.261545379929668309e-01 1.395206729924540756e-01 3.127288200342748237e-02 1.171665329928988919e-01
1.419743229932204365e-01 1.427968139933453451e-01 1.472717769933212517e-01 1.480932799935401334e-01 1.285401749928763160e-01 1.420471409924294326e-01 3.107957100341905352e-02 1.181969189927359887e-01
