1.297041370074621669e-01 1.188545470047526198e-01 1.217160910056264561e-01 1.295199850072713543e-01 1.291794290073081941e-01 1.197102270047766676e-01 1.221486855053943166e-01 1.291668985075410947e-01
1.300090430074376802e-01 1.192367225050179613e-01 1.200739130049002928e-01 1.295809085072983924e-01 1.294353385074132334e-01 1.206083545053310835e-01 1.223375090053960695e-01 1.287182110073113173e-01
1.290106015074950208e-01 1.195970815049682556e-01 1.217349605057585771e-01 1.295995820073182203e-01 1.293055525070192779e-01 1.198188600049592406e-01 1.212999430052970340e-01 1.296334190078805848e-01
1.311467820078076330e-01 1.196982795051393239e-01 1.201802315052713510e-01 1.296233505076130055e-01 1.306152295076284664e-01 1.193098110046744015e-01 1.200856940049758598e-01 1.293406220076661894e-01
1.307560695076548374e-01 1.216789130052728790e-01 1.194356460052108382e-01 1.300526570076174226e-01 1.291786590075109376e-01 1.202115340049032255e-01 1.197826080047973973e-01 1.289039135070244868e-01
1.293330820074540255e-01 1.201576510052993207e-01 1.203717710050851847e-01 1.303341730076632565e-01 1.302411910075211843e-01 1.203891225051664238e-01 1.199655375050162204e-01 1.292074720072043936e-01
1.294450425074518407e-01 1.203859840052429048e-01 1.190479385046259303e-01 1.293289625074943439e-01 1.295368165075245770e-01 1.211830615052494620e-01 1.198857145051301087e-01 1.311864800073452297e-01
1.295332090074223508e-01 1.214427500053626846e-01 1.199757830050429269e-01 1.283335085069638726e-01 1.284591065074195959e-01 1.224876815057404922e-01 1.202177595052013603e-01 1.295502020076459704e-01
1.280479320073405480e-01 1.216977515053893066e-01 1.194219680049089100e-01 1.295828545074004801e-01 1.305369965077497751e-01 1.218273020057430156e-01 1.197462285046956149e-01 1.291389670072654872e-01
1.286983590072432460e-01 1.227033925057642028e-01 1.193264885048148233e-01 1.286530465072038831e-01 1.296401860078336410e-01 1.205674310049463238e-01 1.194176055047210527e-01 1.309934910079266768e-01
1.282214755068902812e-01 1.222866765056801752e-01 1.189073405049864973e-01 1.302341510079002285e-01 1.298508465072911733e-01 1.221659590054694211e-01 1.190480235044946156e-01 1.292855275077016142e-01
1.294989595073047783e-01 1.223981030058743230e-01 1.184976490045553804e-01 1.300570220075733530e-01 1.293931065072878583e-01 1.211110310055165534e-01 1.192666150045405132e-01 1.297775140075794753e-01
1.295896020077232647e-01 1.230149865058697140e-01 1.190364455046347691e-01 1.295074235073850055e-01 1.286306105076364947e-01 1.225205960057107329e-01 1.178935130044470314e-01 1.298068230074812535e-01
1.304967050078586766e-01 1.237199395060627205e-01 1.178610105042333100e-01 1.294707940073240859e-01 1.285708565073033494e-01 1.230595345057665241e-01 1.168591165041543423e-01 1.299620435076463409e-01
1.299937345078475137e-01 1.240889850062343175e-01 1.175727190041443854e-01 1.289020275074378719e-01 1.282472410070690794e-01 1.238088275062723814e-01 1.187347450047115671e-01 1.286517205073825776e-01
1.298630735077883624e-01 1.230509080060407934e-01 1.168742330040897087e-01 1.315465600080773512e-01 1.298394575075051127e-01 1.232436160058208163e-01 1.171259740039420488e-01 1.284561780072508985e-01
1.298400080072651674e-01 1.236745320058631192e-01 1.169386740041686024e-01 1.295198490076684694e-01 1.287684635073659822e-01 1.244040010061398943e-01 1.172844710044338434e-01 1.295700015073377454e-01
1.295280870075992963e-01 1.233871615060262439e-01 1.168081035039904292e-01 1.298097010075337232e-01 1.288127610073745155e-01 1.240480565056908818e-01 1.181176165046503024e-01 1.294885130076703361e-01
1.290177205073723132e-01 1.247513105063197264e-01 1.163112335036681072e-01 1.295988450077346366e-01 1.299422585075633019e-01 1.246568600061076365e-01 1.164782885040813315e-01 1.292434835075419730e-01
1.289074070077327328e-01 1.244496350060093071e-01 1.166817480041308919e-01 1.292006070074180613e-01 1.291141510075110022e-01 1.245070240062968459e-01 1.165891770038862685e-01 1.305502510075925715e-01
1.293454985072342023e-01 1.245422855062513212e-01 1.159641690037205436e-01 1.300552365078212480e-01 1.291085035077462473e-01 1.260585820065339424e-01 1.156511170036751551e-01 1.292746080073146064e-01
1.301923715080176847e-01 1.258222885063275398e-01 1.152406450032190249e-01 1.287033660074456687e-01 1.291463365076910286e-01 1.255756055064053689e-01 1.153223605035790800e-01 1.299970265074308906e-01
1.302283855074494179e-01 1.256387660068327694e-01 1.146623610030419321e-01 1.297341585075340309e-01 1.298650840073232726e-01 1.249965925063981631e-01 1.151283175036439260e-01 1.297463350077813216e-01
1.280520580069323122e-01 1.262535515067499670e-01 1.152854545035354172e-01 1.293029810072993391e-01 1.296906065080101200e-01 1.264094690066203397e-01 1.149354230032137159e-01 1.300704565078782127e-01
1.291703480075244437e-01 1.256562195069187149e-01 1.155303615034327519e-01 1.302763545077150753e-01 1.285792695074950143e-01 1.264300870064235249e-01 1.148064685029919624e-01 1.295508915075706258e-01
1.284339170070555591e-01 1.258726025069391019e-01 1.144696200033328837e-01 1.300292875077881383e-01 1.296858320075018056e-01 1.255491680062186810e-01 1.152901675037827783e-01 1.306694055074882899e-01
1.284970195071626908e-01 1.263434990069928765e-01 1.146576520032493995e-01 1.302840030078204481e-01 1.288488670067350628e-01 1.270686850066796436e-01 1.148118485030168723e-01 1.294884260077566740e-01
1.282206575070321541e-01 1.261430260067184506e-01 1.140033320030062053e-01 1.301922765079308597e-01 1.295098855077035926e-01 1.278427970070240838e-01 1.143535355033907797e-01 1.297344900072874563e-01
1.306530540076665803e-01 1.271481540063979232e-01 1.124869970026243504e-01 1.292688605072306596e-01 1.295031765074162455e-01 1.271220470073592124e-01 1.137208340033104143e-01 1.300968770075443259e-01
1.296325445074387739e-01 1.281043970067522186e-01 1.121961845023254634e-01 1.304626740081296921e-01 1.292639010074448092e-01 1.262526290066694756e-01 1.145207110033278908e-01 1.295669590079615296e-01
1.296243510073606664e-01 1.291058725074435698e-01 1.136440350027341922e-01 1.291633710074242269e-01 1.282163625075018465e-01 1.274410165070123391e-01 1.136256805029285527e-01 1.291793110074056783e-01
1.295314570075241367e-01 1.269694880071947640e-01 1.126992110029051419e-01 1.295685800075280225e-01 1.296455965066430627e-01 1.283228710074890699e-01 1.139725105032372843e-01 1.292902860072092930e-01
1.309179240076548123e-01 1.273161375068341816e-01 1.122807850027512239e-01 1.291606220071017108e-01 1.287983205073988113e-01 1.281740400071980923e-01 1.140252110032245469e-01 1.293269600075921122e-01
1.292167615078742005e-01 1.295520040076045543e-01 1.136165255033401988e-01 1.290210730074418388e-01 1.296016235073516043e-01 1.281063660071298516e-01 1.111632840019123880e-01 1.297223625071049768e-01
1.295322285074079205e-01 1.295170325075174211e-01 1.115857490022552356e-01 1.291775700076179256e-01 1.295140890075002216e-01 1.291660210074787873e-01 1.118304505024654977e-01 1.296768595076056574e-01
1.299931495075316579e-01 1.293049130074258868e-01 1.126229820028433609e-01 1.293900860071301451e-01 1.291000105072930004e-01 1.279685120070490345e-01 1.123636910024826824e-01 1.292566560072375970e-01
1.301351725079830102e-01 1.291773845067006876e-01 1.117394755020606339e-01 1.290711770071536202e-01 1.296362890075646312e-01 1.293758230078373983e-01 1.115475365023365362e-01 1.293171420074886724e-01
1.301484325078905435e-01 1.305756995076406413e-01 1.110036030022276549e-01 1.290276305075711838e-01 1.282527920069745642e-01 1.311755125078047368e-01 1.105842010021164806e-01 1.292321290070680140e-01
1.297606955075230606e-01 1.293175855070176627e-01 1.107981340018727584e-01 1.302078635079081947e-01 1.283671940075487850e-01 1.303653560078527063e-01 1.111420905020467781e-01 1.300410810075206813e-01
1.304106335080239543e-01 1.320890015082775426e-01 1.101185655016103382e-01 1.292252600072376079e-01 1.288185810070139603e-01 1.301587225077009413e-01 1.106004510019522186e-01 1.285787850072581395e-01
1.290470465074261552e-01 1.307874425077751035e-01 1.100940280014577749e-01 1.285281690074248917e-01 1.291208730071182476e-01 1.319005625081604849e-01 1.114742935022405707e-01 1.290475850074709330e-01
1.291118155074530705e-01 1.318616210077781237e-01 1.105626945021060265e-01 1.287087670073741585e-01 1.294432170076172117e-01 1.304223345075391782e-01 1.098673040016159841e-01 1.300222465069493516e-01
1.293174070075685245e-01 1.302868515075364386e-01 1.101981930015966116e-01 1.291414910075267819e-01 1.296624230076328654e-01 1.323593755083379842e-01 1.103875605017951844e-01 1.286466985074015412e-01
1.284449575077386829e-01 1.324376745080979578e-01 1.104806880017903947e-01 1.283752330070655201e-01 1.289002815076303599e-01 1.317208300082652328e-01 1.101179100014834517e-01 1.295224255071709685e-01
1.294422030071467056e-01 1.316067115079666006e-01 1.096581220015464542e-01 1.293736840075103423e-01 1.306844210074046275e-01 1.306082380079635341e-01 1.095710170017244606e-01 1.290556035075458574e-01
1.304471990079101307e-01 1.321521240082851878e-01 1.081564235009933872e-01 1.297339420076162875e-01 1.291406405072818564e-01 1.324586090083704204e-01 1.094693955012189385e-01 1.284416665072176666e-01
1.286877220072676631e-01 1.343022045081258831e-01 1.086653930011309555e-01 1.284419675077052292e-01 1.298122810076367262e-01 1.335545920081143145e-01 1.086370385012039724e-01 1.278988015072825835e-01
1.293731770073413556e-01 1.338542480083547981e-01 1.084432135013796705e-01 1.280527145071725104e-01 1.293353130071792645e-01 1.344603535084672175e-01 1.078286035009862059e-01 1.286523770073585704e-01
1.299463210074241759e-01 1.339585750084369697e-01 1.081075735008802802e-01 1.285458735071582370e-01 1.297160865076965597e-01 1.330048875083038873e-01 1.084133335010500493e-01 1.283073495073474846e-01
1.293489680077006265e-01 1.326712580079142945e-01 1.079219910007543082e-01 1.292060825080529884e-01 1.291567885068453936e-01 1.335702360083403928e-01 1.087365520010337983e-01 1.293881240076823758e-01
1.237322950058706433e-01 1.253914890062331200e-01 1.250953885067484783e-01 1.254150965066626600e-01 1.255231695062974384e-01 1.257042235070254810e-01 1.238964185056463801e-01 1.252419195065155311e-01
1.296162475074267295e-01 1.243276320062800810e-01 1.238759955060671769e-01 1.375354435091085681e-01 1.298125405077595884e-01 1.212700945055198293e-01 1.130300855024238271e-01 1.205319610051080043e-01
1.286185035069527249e-01 1.264315860065788888e-01 1.237381990060574533e-01 1.378067445092738541e-01 1.293427305077858858e-01 1.210991625049625126e-01 1.114695415021966229e-01 1.214935325054731369e-01
1.294226995075015707e-01 1.246827210065112324e-01 1.238761400060582746e-01 1.385925910090512470e-01 1.288527750073272804e-01 1.214005040050976231e-01 1.116164920023456630e-01 1.215560775056440390e-01
1.282501175069967192e-01 1.244452710065001022e-01 1.254018515065271622e-01 1.361092320085033336e-01 1.293228875074254325e-01 1.226636455061030223e-01 1.124873195026381834e-01 1.213196755057381337e-01
1.293733225077650928e-01 1.250481830065350297e-01 1.225839685055270245e-01 1.379748295090443000e-01 1.289804785070835236e-01 1.224761155056398598e-01 1.114182745021772419e-01 1.221448280057044478e-01
1.292508560080447011e-01 1.237170780060296293e-01 1.224506300058760544e-01 1.384758650092771104e-01 1.296890975074812824e-01 1.223515375055008736e-01 1.108967745018793472e-01 1.231681615057217821e-01
1.292696120072922283e-01 1.246879805065477659e-01 1.223199690056333694e-01 1.372818160092120487e-01 1.300398395079325198e-01 1.223280420055734979e-01 1.121165420025696247e-01 1.219561990053206341e-01
1.295742695075949302e-01 1.255418825063658039e-01 1.219331725055085441e-01 1.353598285087299069e-01 1.309786905075419616e-01 1.225238805058327107e-01 1.114552675024976375e-01 1.226330085056136360e-01
1.284210620072984421e-01 1.240900865060577951e-01 1.222708315053972067e-01 1.368430110092960783e-01 1.308117775077272948e-01 1.240001315065005216e-01 1.098749720015815834e-01 1.236881280060761756e-01
1.291930675072362755e-01 1.251240220064041841e-01 1.218698570052483138e-01 1.370455495092982312e-01 1.288150385077171112e-01 1.234485655060801046e-01 1.119608410025646344e-01 1.225430590060906100e-01
1.302445905077126709e-01 1.250367330061824545e-01 1.213451850052091885e-01 1.380970425092265530e-01 1.293911800079003138e-01 1.233947330056986147e-01 1.108353185020853199e-01 1.216552175053119272e-01
1.293395025074648985e-01 1.267935060066366637e-01 1.201795575049447312e-01 1.363718860092064666e-01 1.285423305073258027e-01 1.236705890062439611e-01 1.110893400022604366e-01 1.240132885061358964e-01
1.291189750072876397e-01 1.256845155069586661e-01 1.198475690047993147e-01 1.360293030081395349e-01 1.298276220075120779e-01 1.253381355064513425e-01 1.100924405019502589e-01 1.240614395063701636e-01
1.294095405071621352e-01 1.256418065064935086e-01 1.208448925054064621e-01 1.348331075086233455e-01 1.301626840075594815e-01 1.249767630067129959e-01 1.105272065019256844e-01 1.236039995058718505e-01
1.287539350073836630e-01 1.262869900067790097e-01 1.198578865046840414e-01 1.359590450089862013e-01 1.287781430071062716e-01 1.251618600065353970e-01 1.103126870017381994e-01 1.248894535068896805e-01
1.286591625067055877e-01 1.264513645071256298e-01 1.200005390050531418e-01 1.359707415091289673e-01 1.297048810075773495e-01 1.258455975067451493e-01 1.092481465014224357e-01 1.241195675058749115e-01
1.290785670077748692e-01 1.262570475067330555e-01 1.198547705048997186e-01 1.344566145085108466e-01 1.296640185074810214e-01 1.259708615069412008e-01 1.102645005014556839e-01 1.244536200060870346e-01
1.293397340075913005e-01 1.283277665072296292e-01 1.193612410049687267e-01 1.344128525085829806e-01 1.297891490075479548e-01 1.258404655065759881e-01 1.097251815015321541e-01 1.232036100056098094e-01
1.297462050076227946e-01 1.262857215067112460e-01 1.183843595041884633e-01 1.367082155088928941e-01 1.287054770076379862e-01 1.270551785067637329e-01 1.094931505012853301e-01 1.236216925066583455e-01
1.296278405076620732e-01 1.279430670071739218e-01 1.180546080041636470e-01 1.343396815085860230e-01 1.283809950072007100e-01 1.273305455072468451e-01 1.099321920015403492e-01 1.243910705064380229e-01
1.289615230073614671e-01 1.273813120069667570e-01 1.179736165043916707e-01 1.352130100086715581e-01 1.277135855068985693e-01 1.273522215068465246e-01 1.095111765014350619e-01 1.258935550068664422e-01
1.290728990074207494e-01 1.278829845072856075e-01 1.176338820044882660e-01 1.336123240082411345e-01 1.283466285073417146e-01 1.274350785070258174e-01 1.093397280013833767e-01 1.266764755068069126e-01
1.293625515075146060e-01 1.286421695072820504e-01 1.174329540042821918e-01 1.337273685083167352e-01 1.287126460076280232e-01 1.274082295069388637e-01 1.098121905018181327e-01 1.249018905062921347e-01
1.286225255075663654e-01 1.273419280070561821e-01 1.181212845043649179e-01 1.348596895081219382e-01 1.285529525072057200e-01 1.265600125066159432e-01 1.098360620018134087e-01 1.261055455068986475e-01
1.298956875075834572e-01 1.288258350075470460e-01 1.167312805036743034e-01 1.332899695081861402e-01 1.292461800074146683e-01 1.278234720071599051e-01 1.089868315014078243e-01 1.252007440068240718e-01
1.298516095074125631e-01 1.286094470071195428e-01 1.165997415040396917e-01 1.333123775081967999e-01 1.286374805069301630e-01 1.290480075071773758e-01 1.083849015008865324e-01 1.255564350069884316e-01
1.301767875081365766e-01 1.278670640065868447e-01 1.166372085042130802e-01 1.344758940084116172e-01 1.288321240069602303e-01 1.287070380073634668e-01 1.087653105014154270e-01 1.245385735061659699e-01
1.297636335078799497e-01 1.291868425071751036e-01 1.164867575040013370e-01 1.325565510085177923e-01 1.297713190075468759e-01 1.281166950072835653e-01 1.091536825011975298e-01 1.249645190063260469e-01
1.289942005072513831e-01 1.275478005069015097e-01 1.151318695033045347e-01 1.334777810083138394e-01 1.290539015073354223e-01 1.309542105078096985e-01 1.083549095012074498e-01 1.264853270069208058e-01
1.294519950075070369e-01 1.296789565076776896e-01 1.144436005033146603e-01 1.331114965079701618e-01 1.297078635075367414e-01 1.298191100072831616e-01 1.067505090003501300e-01 1.270364690072370017e-01
1.293474550071236906e-01 1.279939025072359682e-01 1.151758920037515704e-01 1.332585920082700048e-01 1.287392140076202007e-01 1.305302860078626503e-01 1.091672625014665221e-01 1.257873960062184104e-01
1.286351750073397582e-01 1.304482335076949662e-01 1.145320015034257122e-01 1.320377115080642039e-01 1.286564635077057372e-01 1.311789460077699698e-01 1.087697095015110887e-01 1.257417595062530480e-01
1.276865980069919193e-01 1.286813905074810083e-01 1.135248000030791016e-01 1.336232375084527857e-01 1.315337835075974793e-01 1.311815545081228274e-01 1.081235855012451647e-01 1.256450505066238066e-01
1.295877560071040380e-01 1.299890310076596001e-01 1.145040620033683093e-01 1.317725425080164547e-01 1.290129590071802113e-01 1.315229955078782986e-01 1.080141505012194858e-01 1.255965035070177038e-01
1.280540505072230162e-01 1.293178705069945866e-01 1.137520640032895214e-01 1.325319940079506542e-01 1.289838145072224607e-01 1.325401300083554612e-01 1.084341835010365768e-01 1.263858930067204289e-01
1.295852700075348918e-01 1.294882715075370838e-01 1.134736420027937787e-01 1.322038205083244933e-01 1.293701055074547024e-01 1.316578280081378283e-01 1.074575600007235954e-01 1.267635025068063193e-01
1.296326815074779482e-01 1.300510645077509186e-01 1.134807730026385908e-01 1.307814645080258853e-01 1.284017855073758263e-01 1.320183585080556832e-01 1.077806875006505349e-01 1.278531850070800113e-01
1.292384290073098352e-01 1.287727605069201031e-01 1.141357135031185605e-01 1.322889585079094210e-01 1.294999550075304762e-01 1.324687770082492999e-01 1.067827185001950924e-01 1.268126880071322737e-01
1.303559630077925080e-01 1.298905905075284639e-01 1.139989645029479692e-01 1.306365570079825178e-01 1.284447285072110312e-01 1.331459360078536824e-01 1.062777020002754896e-01 1.272495585069312318e-01
1.298717270078220687e-01 1.312409250079023815e-01 1.124511070024817039e-01 1.318292330078478791e-01 1.287491005074270223e-01 1.317833860075733887e-01 1.063692860002661000e-01 1.277052355069846212e-01
1.290851805075903802e-01 1.301089275075388574e-01 1.124001395024819827e-01 1.326523465083129794e-01 1.285892950070146590e-01 1.321129840079312279e-01 1.071341220005036093e-01 1.279170050069466380e-01
1.299324035073119166e-01 1.308708760074247801e-01 1.118715030025587559e-01 1.305775345078999394e-01 1.292278780078462974e-01 1.325629965083589823e-01 1.069083200000980061e-01 1.280484885070006240e-01
1.307557215075257906e-01 1.297321440079180765e-01 1.114092855022239537e-01 1.316352350081576861e-01 1.298145860074295943e-01 1.327826490081803201e-01 1.061623309999818188e-01 1.277080480070308388e-01
1.294823320079822870e-01 1.320775380081137540e-01 1.124296915026563592e-01 1.301359140074895282e-01 1.287312880070034526e-01 1.328769680080697235e-01 1.068538960006162747e-01 1.274123725072875690e-01
1.291713140071713561e-01 1.304359545078687954e-01 1.114494040020966859e-01 1.314901695079694066e-01 1.282972715070448133e-01 1.348193650086667306e-01 1.061823035004785809e-01 1.281542180074451420e-01
1.282975965071486701e-01 1.311079505078688867e-01 1.125508285026615984e-01 1.302785565074116580e-01 1.297607255073388588e-01 1.343057190084022412e-01 1.052827904998907410e-01 1.284158330073101317e-01
1.301111540079095963e-01 1.311854875078115878e-01 1.099408975015542106e-01 1.299696160075402840e-01 1.293197855075368108e-01 1.364304995087423644e-01 1.053026644995890965e-01 1.277398955071890607e-01
1.310609630075687537e-01 1.314289485079561670e-01 1.095968305015602717e-01 1.305179955077577503e-01 1.281718120071134448e-01 1.353444515091436762e-01 1.053505064998157825e-01 1.285284925071185635e-01
1.286611425072362591e-01 1.285231905069489089e-01 1.285814465073223667e-01 1.281528610073418284e-01 1.259116105067405178e-01 1.318215950077139820e-01 1.025207589986230766e-01 1.258273950063909241e-01
1.280028705070239969e-01 1.285692805075007994e-01 1.289371930075702277e-01 1.282527140068857041e-01 1.259785435064560977e-01 1.316990525078163554e-01 1.027518159986037793e-01 1.258085300068469969e-01
1.000000000000000000e+00 1.000000000000000000e+00 1.000000000000000000e+00 1.000000000000000000e+00 1.000000000000000000e+00 1.000000000000000000e+00 1.000000000000000000e+00 1.000000000000000000e+00
1.295680925074568501e-01 1.249222455064972620e-01 1.245077020063015127e-01 1.379638670091051789e-01 1.282623825074347412e-01 1.201130105052877345e-01 1.115951795021705578e-01 1.230675205056354776e-01
1.293693005077539149e-01 1.242620985064386424e-01 1.233259305057858163e-01 1.381471355090269360e-01 1.294510175077393521e-01 1.218249245053873719e-01 1.126650000024769227e-01 1.209545930053639723e-01
1.299511745073410884e-01 1.240404170061099876e-01 1.237418330060451460e-01 1.382160965095197147e-01 1.289749775073789906e-01 1.215698355057684144e-01 1.128044305026234539e-01 1.207012355049737751e-01
1.289473335073371696e-01 1.255145720066566661e-01 1.233421590061696688e-01 1.371129630088316342e-01 1.291102650074395786e-01 1.217201785057563934e-01 1.119763475022480387e-01 1.222761815056429002e-01
1.309386450079114694e-01 1.248529355064605245e-01 1.234055510061115996e-01 1.362270035089750975e-01 1.302843245077469625e-01 1.217564345054259339e-01 1.114945920018751424e-01 1.210405140052993184e-01
1.301944210076522723e-01 1.260999595065013801e-01 1.224845475059584965e-01 1.361901585089891342e-01 1.298391695080254316e-01 1.222682130053631827e-01 1.123071180024145382e-01 1.206164130051013139e-01
1.295608975072427560e-01 1.252427060060213315e-01 1.224943095056996167e-01 1.361949770090179757e-01 1.310549800079167104e-01 1.229466610061339810e-01 1.104839615023175958e-01 1.220215075053935477e-01
1.307519810079618983e-01 1.256993615065694903e-01 1.223432915054061959e-01 1.364512795089225239e-01 1.289840535078183303e-01 1.223241175057291491e-01 1.116148085025061437e-01 1.218311070057321727e-01
1.315502320076543386e-01 1.247917515061319760e-01 1.216495680055599687e-01 1.366802395089752320e-01 1.294466505074598484e-01 1.224899160057587866e-01 1.112120720025164822e-01 1.221795705058750514e-01
1.296415505074924868e-01 1.256259950065714004e-01 1.202899045051520066e-01 1.365782595089784501e-01 1.301958795078382580e-01 1.239537125060180545e-01 1.107427740018851470e-01 1.229719245059840010e-01
1.293983270073462699e-01 1.248351510062146313e-01 1.209658780053613908e-01 1.361515000090134375e-01 1.294881855076572552e-01 1.244308860064052974e-01 1.121095495024532068e-01 1.226205230057653972e-01
1.306418400079540354e-01 1.247128865061348235e-01 1.209055995054978544e-01 1.348418970089783064e-01 1.299383325072938633e-01 1.244034100062464954e-01 1.102014775017269854e-01 1.243545570062862538e-01
1.306081140079986269e-01 1.251692320061991992e-01 1.203388870051128462e-01 1.355343940090678878e-01 1.294156140071164862e-01 1.256186270064391097e-01 1.105426940019322152e-01 1.227724380057146902e-01
1.298238090079863460e-01 1.282998745072470859e-01 1.193282795046777256e-01 1.350274810083573473e-01 1.283327230070238079e-01 1.249102300062777671e-01 1.107515120018550403e-01 1.235260910061586892e-01
1.284478095076221071e-01 1.270540175066507127e-01 1.203489260053149379e-01 1.348294345086530621e-01 1.302102525073236261e-01 1.254329980066547223e-01 1.100871250015628966e-01 1.235894370059075348e-01
1.293572030073134871e-01 1.272421405068492051e-01 1.194633135048668027e-01 1.358801470086452856e-01 1.292921175076129914e-01 1.251369230066270433e-01 1.109182285021393793e-01 1.227099270056918046e-01
1.297382255077330071e-01 1.258107500066986961e-01 1.192219485046817351e-01 1.357899695089752889e-01 1.288666210069193963e-01 1.268747345068853838e-01 1.095829550015254700e-01 1.241147960061100147e-01
1.310261545077227585e-01 1.264445915068436177e-01 1.183223125045526208e-01 1.340837205084513817e-01 1.289832665071238560e-01 1.262290935062929942e-01 1.100416590016790874e-01 1.248692020061793750e-01
1.300943810076967966e-01 1.263496230071891602e-01 1.190560175046115055e-01 1.350977815084365707e-01 1.285527055073457103e-01 1.265566740065093287e-01 1.096463055010423598e-01 1.246465120064636500e-01
1.296575285071976946e-01 1.269161090067635889e-01 1.176340650046096697e-01 1.351288835087216811e-01 1.297537565074741439e-01 1.277179270071482908e-01 1.094963745017783902e-01 1.236953560058559609e-01
1.278305500070406886e-01 1.271345635070614266e-01 1.185390290042471484e-01 1.350643335088668462e-01 1.293804935075238416e-01 1.270308895070078603e-01 1.098384485013736284e-01 1.251816925062638197e-01
1.300935395077809642e-01 1.278577930074044355e-01 1.178926430044772988e-01 1.335542455082660285e-01 1.300176585073988811e-01 1.273254585068335498e-01 1.092728740013247934e-01 1.239857880064433315e-01
1.303409605079497435e-01 1.283927710075174478e-01 1.171786350041037761e-01 1.334491255080399175e-01 1.283355255074105361e-01 1.277676635069744382e-01 1.096522120015050311e-01 1.248831070062392523e-01
1.294591375075820061e-01 1.281396965073278160e-01 1.167451920037980428e-01 1.320268640080309863e-01 1.302217745075888444e-01 1.277093310068034004e-01 1.104359925020228367e-01 1.252620120066331999e-01
1.290971300068403105e-01 1.274243510070916519e-01 1.162412750040348469e-01 1.341121530084454505e-01 1.300905420077433927e-01 1.287544715075549795e-01 1.090687290011655708e-01 1.252113485062435749e-01
1.281831590077076588e-01 1.284495205071521096e-01 1.164228980038041067e-01 1.331841635082001707e-01 1.288400345077676257e-01 1.284908605070704812e-01 1.098577490015903851e-01 1.265716150065152312e-01
1.288981985076074754e-01 1.284285515071909856e-01 1.148743505034567763e-01 1.337479410084920495e-01 1.291366555071307431e-01 1.291884900075142006e-01 1.090587355010030762e-01 1.266670775073143740e-01
1.297731500075620104e-01 1.276597625064831709e-01 1.164127810038894789e-01 1.323548725080855026e-01 1.299940510078132772e-01 1.292223630074991192e-01 1.085891305011022628e-01 1.259938895068135056e-01
1.301599385076512849e-01 1.278427340071171259e-01 1.162877550040269103e-01 1.332563805083944730e-01 1.305640240079238013e-01 1.293540445071263700e-01 1.082366725007285618e-01 1.242984510063573911e-01
1.294666865077782614e-01 1.286876120072705798e-01 1.149129015032664264e-01 1.326217580084102510e-01 1.302905840075953559e-01 1.285070640072034642e-01 1.087190440013124787e-01 1.267943500067997831e-01
1.287947770072506992e-01 1.297035485075647698e-01 1.151619675033228318e-01 1.323709390082366266e-01 1.299876025080205499e-01 1.289555840072917070e-01 1.088662915011137655e-01 1.261592900069238576e-01
1.294732215075293236e-01 1.276978550067617291e-01 1.143994210031644976e-01 1.332284665086459485e-01 1.298734315076075230e-01 1.303690510077460951e-01 1.085740815007301546e-01 1.263844720066799598e-01
1.299634260073711800e-01 1.292786850077787542e-01 1.153363140031894440e-01 1.328572995084555675e-01 1.290411970071334569e-01 1.297073235076130204e-01 1.069085570004785074e-01 1.269071980071944106e-01
1.287895110078538241e-01 1.298113805076343275e-01 1.149210595033969412e-01 1.329471090083981510e-01 1.297145595074771229e-01 1.300859205075079184e-01 1.078356250005787220e-01 1.258948350069518385e-01
1.286420105074422005e-01 1.307420330078999382e-01 1.138368980029072219e-01 1.319360635081684163e-01 1.295320425073283599e-01 1.302600465074902347e-01 1.081325370009053460e-01 1.269183690073172055e-01
1.284032410071429542e-01 1.295016980078711466e-01 1.135516360028149957e-01 1.322472570081379972e-01 1.289240710068200735e-01 1.325307260082284611e-01 1.076822160010632995e-01 1.271591550071039245e-01
1.292175410071054187e-01 1.298162890075717779e-01 1.124914245026648052e-01 1.318514750083264464e-01 1.304640015076567183e-01 1.318948075079228455e-01 1.083546045010090747e-01 1.259098570068830913e-01
1.308477530079906193e-01 1.302317725081347521e-01 1.137567200030814157e-01 1.302818730075513964e-01 1.277033930069386147e-01 1.322958005081412702e-01 1.081080625008433160e-01 1.267746255069319428e-01
1.293274230075361075e-01 1.300374380080288050e-01 1.131042015026735847e-01 1.317212960079539863e-01 1.300796685076626991e-01 1.315836570078678103e-01 1.075435285007747405e-01 1.266027875066930986e-01
1.292964710072498358e-01 1.294749525076733798e-01 1.124950570030167768e-01 1.311639210078089923e-01 1.303429985075981179e-01 1.325283350081954969e-01 1.072780425007402172e-01 1.274202225065993455e-01
1.305121805078586494e-01 1.303969095075895868e-01 1.124349810025666030e-01 1.305872370077443001e-01 1.280274790071732061e-01 1.334477485082678772e-01 1.072486410005192431e-01 1.273448235070393508e-01
1.300606340073224843e-01 1.299871030072084765e-01 1.123726270026858404e-01 1.313005905077842539e-01 1.302412220079061933e-01 1.335046835084976458e-01 1.053718649996321782e-01 1.271612750070297559e-01
1.296361065078629471e-01 1.305410405075751457e-01 1.110638435017375497e-01 1.312209770083430094e-01 1.296985410073705491e-01 1.346865120085891654e-01 1.057203284997590836e-01 1.274326510070338814e-01
1.296330190073505806e-01 1.293897935076675498e-01 1.116345450019792795e-01 1.304551035080948329e-01 1.299007840076879805e-01 1.329268320078642041e-01 1.077710725008213105e-01 1.282888505068091600e-01
1.280612510073871613e-01 1.313784850073837496e-01 1.118567405026855283e-01 1.302963635078682458e-01 1.293841790076964982e-01 1.340925145083383119e-01 1.066270990003902047e-01 1.283033675070864577e-01
1.309092735077657665e-01 1.307848365075811314e-01 1.099091500019653000e-01 1.301424875076768739e-01 1.303174155078584973e-01 1.334578355088475166e-01 1.060978615004978531e-01 1.283811400071019904e-01
1.271998325066362734e-01 1.287214990074054266e-01 1.290556665072684073e-01 1.307688090078741594e-01 1.248629520066393411e-01 1.316416680084070145e-01 1.025349484986526200e-01 1.252146245060247465e-01
1.283792275072414002e-01 1.281862645071899232e-01 1.299246470073921189e-01 1.286117490074765168e-01 1.249901915061849417e-01 1.320915805080212779e-01 1.032831579989071796e-01 1.245331820061679889e-01
1.294017480071152637e-01 1.288274870073475020e-01 1.268941455071775914e-01 1.286164375070864563e-01 1.266382995069236794e-01 1.321283400077808701e-01 1.030631159989639500e-01 1.244304265067202181e-01
1.000000000000000000e+00 1.000000000000000000e+00 1.000000000000000000e+00 1.000000000000000000e+00 1.000000000000000000e+00 1.000000000000000000e+00 1.000000000000000000e+00 1.000000000000000000e+00
1.000000000000000000e+00 1.000000000000000000e+00 1.000000000000000000e+00 1.000000000000000000e+00 1.000000000000000000e+00 1.000000000000000000e+00 1.000000000000000000e+00 1.000000000000000000e+00
1.298368470080345782e-01 1.253093100064997245e-01 1.239766050061353875e-01 1.388146645096301757e-01 1.288213245069911583e-01 1.205740615050826803e-01 1.112068100022201994e-01 1.214603775052944257e-01
1.298579520078354255e-01 1.246431335064048102e-01 1.236131045057990568e-01 1.376140620090424427e-01 1.298828235073682391e-01 1.195836600049794141e-01 1.120841665024826656e-01 1.227210980058024981e-01
1.295041955075844908e-01 1.260040895068853251e-01 1.234095430060215132e-01 1.381876305090282420e-01 1.292564510076244233e-01 1.205991760052052136e-01 1.120241600025638634e-01 1.210147545051130785e-01
1.294361425073866645e-01 1.254411515066960470e-01 1.232335830057266352e-01 1.371288520089130047e-01 1.299322855076487926e-01 1.222309820057103230e-01 1.118952915025465122e-01 1.207017120053912734e-01
1.303330480077325992e-01 1.249280345061565684e-01 1.225938000059231675e-01 1.375355310091893879e-01 1.291976255071600466e-01 1.229270980059683910e-01 1.105566235019349863e-01 1.219282395059193141e-01
1.296739470078609457e-01 1.245933310064313571e-01 1.213898925057002032e-01 1.372102045086071032e-01 1.302786175076848796e-01 1.222977920060524665e-01 1.120273060022749373e-01 1.225289095052842364e-01
1.291699815068404755e-01 1.274556850068404579e-01 1.216525755053978197e-01 1.356479295092007931e-01 1.304733410080771705e-01 1.220845670059270832e-01 1.118618990019740606e-01 1.216540215054276591e-01
1.302792000073364209e-01 1.249497370061921353e-01 1.214350475053736361e-01 1.363015140090177990e-01 1.300913740080388570e-01 1.229600895059658749e-01 1.113461360022554858e-01 1.226369020060495418e-01
1.297919445072626132e-01 1.253082830067016040e-01 1.214970940055471876e-01 1.376834190089422372e-01 1.289793195076954502e-01 1.238276415060330510e-01 1.119676790023234475e-01 1.209446195053746620e-01
1.297261535076142669e-01 1.261753105066691361e-01 1.211533935053289990e-01 1.359727855086810266e-01 1.288794605074028987e-01 1.236332900059445017e-01 1.109551485020990463e-01 1.235044580058588110e-01
1.300943555075837477e-01 1.260774260064560226e-01 1.202905770051438117e-01 1.379986985091638807e-01 1.288248435073476306e-01 1.238398955058919587e-01 1.107806770021322051e-01 1.220935270056867916e-01
1.304108170079348594e-01 1.272640870068655339e-01 1.201630095049843333e-01 1.370380945087838476e-01 1.279430920072542055e-01 1.240431485062057360e-01 1.107260485019619378e-01 1.224117030060210970e-01
1.317125765079454613e-01 1.276758645071120468e-01 1.193903920048892675e-01 1.365198830092184401e-01 1.284287845072477618e-01 1.234617595059980949e-01 1.097245860016731189e-01 1.230861540059679238e-01
1.303306375077385171e-01 1.270797930071988768e-01 1.203322700049608701e-01 1.342986545084973171e-01 1.300688445077927136e-01 1.232943925059457740e-01 1.115897265019989010e-01 1.230056815058431785e-01
1.283970080071928921e-01 1.277494315072818798e-01 1.191446720044709168e-01 1.355861690090663374e-01 1.283008930070386744e-01 1.257298260064877993e-01 1.117754810021392570e-01 1.233165195060063751e-01
1.306566745074871083e-01 1.272789540066088521e-01 1.195944375049989294e-01 1.351911540087195052e-01 1.283935770074034755e-01 1.264134510072678075e-01 1.093930885015691190e-01 1.230786635056358574e-01
1.298530040075746850e-01 1.274153440069102361e-01 1.192871170051771623e-01 1.349093240086127743e-01 1.293722485072124617e-01 1.258658720068551451e-01 1.103247350018224104e-01 1.229723555056336376e-01
1.300521430074005336e-01 1.276588795071241789e-01 1.188506390050088485e-01 1.349312800081593489e-01 1.300912835076344642e-01 1.246876685068216140e-01 1.095120960011686240e-01 1.242160105058938147e-01
1.306360475079998695e-01 1.265767065067495700e-01 1.187034165043945183e-01 1.356410655083545580e-01 1.287410700073742809e-01 1.256325975061425571e-01 1.102068485018629085e-01 1.238622480063567288e-01
1.296457745076781687e-01 1.277300155067680465e-01 1.180663275045721189e-01 1.347738725088763467e-01 1.293223760073511919e-01 1.257883800067048641e-01 1.101962090018517026e-01 1.244770450060688344e-01
1.295722660073081456e-01 1.264015580066696620e-01 1.184854725047904678e-01 1.366167005092920606e-01 1.293383940073547789e-01 1.269984785068483946e-01 1.100264145016899286e-01 1.225607160057639866e-01
1.307334895080565218e-01 1.281013295071249114e-01 1.167825935038038221e-01 1.334261410081858390e-01 1.298537750077491670e-01 1.266475730066241034e-01 1.091680870013988919e-01 1.252870115065087275e-01
1.297374740078025279e-01 1.280067695068941025e-01 1.168093315039837321e-01 1.343072700086710980e-01 1.300650205079231791e-01 1.274424935070047338e-01 1.100769970019522814e-01 1.235546440060657641e-01
1.297669510073048149e-01 1.293558065074726926e-01 1.170793150039480257e-01 1.331914015087169445e-01 1.305841630077211046e-01 1.272304700070880090e-01 1.086670020010634674e-01 1.241248910062476007e-01
1.301358095077922161e-01 1.281064390070872361e-01 1.160374255034083008e-01 1.344468530087147562e-01 1.287883845070091626e-01 1.272021135071443321e-01 1.090461830014148176e-01 1.262367920063516558e-01
1.294980055073821634e-01 1.286020975072629247e-01 1.163569465035124706e-01 1.334410175080380512e-01 1.287905360077792050e-01 1.286364175072959859e-01 1.102538965019495831e-01 1.244210830064893941e-01
1.301449560077976575e-01 1.280058925068665032e-01 1.161330255034506709e-01 1.340771205082760265e-01 1.284033975072073064e-01 1.288181705074278316e-01 1.077534465010203391e-01 1.266639910068246833e-01
1.299308730072739893e-01 1.287456780074118234e-01 1.154181940033288806e-01 1.333583045087169683e-01 1.294871585074369169e-01 1.282938605069498528e-01 1.088656175015861732e-01 1.259003140064297310e-01
1.295338260076980830e-01 1.276721460070665837e-01 1.154613790031950304e-01 1.337064460083440820e-01 1.297667495078787259e-01 1.292361485071735205e-01 1.083151285007783599e-01 1.263081765065263706e-01
1.311483965075724289e-01 1.285780890072191207e-01 1.146742000035532311e-01 1.326611905077406672e-01 1.282263220074627286e-01 1.298922380074145067e-01 1.076714570008145411e-01 1.271481070072635888e-01
1.294889690074762789e-01 1.310268035079785176e-01 1.147436905033845655e-01 1.315350370079887143e-01 1.300206510077042965e-01 1.291500450074362927e-01 1.081613355007690902e-01 1.258734685067597614e-01
1.291356110073600960e-01 1.297509300074585203e-01 1.144736880034731147e-01 1.325407240079752302e-01 1.287694270074143388e-01 1.317008710077867406e-01 1.087515820009274381e-01 1.248771670061553651e-01
1.295691985073088859e-01 1.295896820077276634e-01 1.132344560028431812e-01 1.327272640080165711e-01 1.289336965071844754e-01 1.309046385076915731e-01 1.085162845012320881e-01 1.265247800069607409e-01
1.292632885075440941e-01 1.298532840074738959e-01 1.142689770030616975e-01 1.329030415080330874e-01 1.297139875076690763e-01 1.317151495080340351e-01 1.068348775004271806e-01 1.254473945064687457e-01
1.304760365076143569e-01 1.298064725075981918e-01 1.131710500027507948e-01 1.314551880079859736e-01 1.307599900078142696e-01 1.305132225072282437e-01 1.078497850006480269e-01 1.259682555069252807e-01
1.297506645077078635e-01 1.321805440079717175e-01 1.130447030031750122e-01 1.322237380084689828e-01 1.286959590068261772e-01 1.310667960076045135e-01 1.064414595003315006e-01 1.265961360067757724e-01
1.307457495077680443e-01 1.297238325076060794e-01 1.127077300025334239e-01 1.324337625081131731e-01 1.299174050075882214e-01 1.318551335077925435e-01 1.073334990007776824e-01 1.252828880065762207e-01
1.291305400075135335e-01 1.295718190075826337e-01 1.139955865035605781e-01 1.321825560080771012e-01 1.294746870073780753e-01 1.305587995078112407e-01 1.074554320010031733e-01 1.276305800067026042e-01
1.287299670072120095e-01 1.310221900080878743e-01 1.135779680030984812e-01 1.320933390081295566e-01 1.293272265074519312e-01 1.318503655081027792e-01 1.074556835005023858e-01 1.259432605065782806e-01
1.292635070074613646e-01 1.306466735080522856e-01 1.135271390026936500e-01 1.312651805080513046e-01 1.296792010075454304e-01 1.306179095075279961e-01 1.077734350006529090e-01 1.272269545069284746e-01
1.294753000072428328e-01 1.316991165079753889e-01 1.125205575027864863e-01 1.303144270074461930e-01 1.286370415076403539e-01 1.326045435078553048e-01 1.064600680002770750e-01 1.282889460072375865e-01
1.302309240077596519e-01 1.308471700074701205e-01 1.122538170026683574e-01 1.308401755075426498e-01 1.295489965078068795e-01 1.329029160082951244e-01 1.063640110003130357e-01 1.270119900065330709e-01
1.303654770079226699e-01 1.316530885080931801e-01 1.123017505025916962e-01 1.307331045078586607e-01 1.294028400075624419e-01 1.325579640078521082e-01 1.058952205004071306e-01 1.270905550068703593e-01
1.304503650078431831e-01 1.324659675082500432e-01 1.105293510016283620e-01 1.312225955078760442e-01 1.286114525072556969e-01 1.334817685079893734e-01 1.060031615002000882e-01 1.272353385068024922e-01
1.288821735073242825e-01 1.280089300074779002e-01 1.290744935078623201e-01 1.294940700074596052e-01 1.249362115062325196e-01 1.316043150079748703e-01 1.038301139991789634e-01 1.241696925059568718e-01
1.285339075074468651e-01 1.284323095073764687e-01 1.300838790075917739e-01 1.292535075073949491e-01 1.265150950067586710e-01 1.305913035074346973e-01 1.029019564988519486e-01 1.236880415062572847e-01
1.287884540071370099e-01 1.277138095068216239e-01 1.297372160075334346e-01 1.297126950076589180e-01 1.255472605067605441e-01 1.305479305074024321e-01 1.037051739987846638e-01 1.242474605063408760e-01
