2.218300855173452324e-01 7.658174598789468934e-02 6.492254148897354249e-02 1.370424475097880013e-01 2.205604440176530123e-01 7.679807948799688422e-02 6.431072348899409541e-02 1.379539325103627256e-01
2.171718125174431913e-01 7.655460748781557634e-02 6.361526998903128949e-02 1.435151425110333667e-01 2.161077340178061412e-01 7.624923398794056228e-02 6.313772848931266390e-02 1.436484710107688856e-01
2.085547200174568683e-01 7.664209498796842324e-02 6.237718248938949051e-02 1.527489670123797494e-01 2.101040385178160608e-01 7.604201748800865079e-02 6.271151398929422638e-02 1.508194655125150996e-01
2.043502725173051981e-01 7.657536148791124764e-02 6.158120448939860547e-02 1.578564335131753538e-01 2.038888820171960714e-01 7.677544948783673884e-02 6.179406248936696044e-02 1.571783340128987405e-01
1.956692575170257964e-01 7.574793748795964621e-02 6.037815248972074750e-02 1.676695410138113185e-01 1.953387375167678908e-01 7.602667098771576093e-02 5.994061298970589091e-02 1.692290900140575038e-01
1.895336430168602371e-01 7.586924498794289651e-02 5.912782698992694042e-02 1.730910195146734276e-01 1.905117280164209670e-01 7.606691848763709463e-02 5.908466598994911029e-02 1.767149530153764303e-01
1.848559390160078864e-01 7.562938498775498286e-02 5.766706049021886465e-02 1.841950035167124466e-01 1.817917460154984399e-01 7.521723648810622886e-02 5.818401199014178182e-02 1.824596175163773759e-01
1.781128840157424620e-01 7.476073748787595563e-02 5.600415699064791031e-02 1.901030565169706255e-01 1.774525330155890535e-01 7.592338198785540671e-02 5.600764849056921735e-02 1.916356015170418980e-01
1.699754300135985496e-01 7.441579798790122491e-02 5.496857949076414812e-02 1.977996550172313739e-01 1.709343330142054362e-01 7.491730498790850901e-02 5.495456049079883859e-02 2.020343390179769605e-01
1.649460180137805598e-01 7.492495348770734920e-02 5.304969199125478957e-02 2.076829140169015042e-01 1.646235730141873410e-01 7.401349098799758774e-02 5.339696499123918610e-02 2.073623935175401833e-01
1.588303780131169740e-01 7.497450648781102400e-02 5.196264749172167102e-02 2.151011115190157030e-01 1.588614585136036983e-01 7.409816998783474995e-02 5.188931949153063189e-02 2.142824085172674031e-01
1.517624345122413065e-01 7.329370098796900157e-02 5.021251399205967081e-02 2.255727605177940132e-01 1.518330340127377887e-01 7.327624698793143432e-02 5.044831349201247400e-02 2.236009955176725683e-01
1.467866435118147517e-01 7.332779448790439913e-02 4.870722699253117460e-02 2.322853090167324996e-01 1.466099415116619009e-01 7.318834998789174040e-02 4.854721299244942750e-02 2.305475215177988646e-01
1.436031110112897247e-01 7.340898448784356767e-02 4.696411549300547744e-02 2.366794995171373761e-01 1.420993830111931255e-01 7.290688498799739736e-02 4.680485349305688741e-02 2.375331680169180115e-01
1.394300960103856957e-01 7.364701148781119255e-02 4.548637399347489618e-02 2.409977985164588055e-01 1.412962275112515376e-01 7.448552298767713298e-02 4.563229249340979704e-02 2.390246770173751478e-01
1.356393835095483502e-01 7.294291298811247937e-02 4.383033099402587618e-02 2.481433710161571604e-01 1.326680030090115481e-01 7.371561098792052402e-02 4.409727549395212748e-02 2.489631120165861633e-01
1.293222130083636623e-01 7.504487248777483299e-02 4.260481699451354465e-02 2.547874175151788045e-01 1.276632750082060397e-01 7.289164798800656930e-02 4.272562699447136209e-02 2.549601300162548378e-01
1.257683320075544120e-01 7.408283648789082410e-02 4.117725049500769313e-02 2.589802705152965956e-01 1.256058715070161591e-01 7.408024548788187669e-02 4.155629899488887113e-02 2.587488945156964926e-01
1.224293605061484436e-01 7.434608498785458264e-02 3.953266599525337432e-02 2.643169640155352829e-01 1.225870795067104946e-01 7.451117398779399936e-02 3.976363349532679309e-02 2.625130375154655638e-01
1.188765450063550416e-01 7.609208548771610736e-02 3.887331249543581752e-02 2.658945895137192483e-01 1.207297405065558688e-01 7.599170048755997386e-02 3.880225149546834978e-02 2.647397750149459994e-01
1.146643595037603047e-01 7.645930698763123146e-02 3.755203249583301955e-02 2.660257815150881000e-01 1.186416540059786334e-01 7.658742248773663108e-02 3.726863999583305415e-02 2.728008030134165263e-01
1.150468660047616193e-01 7.826568648753547131e-02 3.634110549616755698e-02 2.683407690143581603e-01 1.164387135046811156e-01 7.746477498750019286e-02 3.650057399601126795e-02 2.716015105136923014e-01
1.124542790024994493e-01 7.887138098752585758e-02 3.549667099638310896e-02 2.748320465137313873e-01 1.124901250034336941e-01 8.042338798729410654e-02 3.528298599636037203e-02 2.701491235141182390e-01
1.103162025027407400e-01 8.063160898752816386e-02 3.443148199671645926e-02 2.747622135139136113e-01 1.103401320027305732e-01 8.093373698733986876e-02 3.411216399675031513e-02 2.744724600138512272e-01
1.096958750022143936e-01 8.371016448718465730e-02 3.340296049695144764e-02 2.731250540141589855e-01 1.097502655022077195e-01 8.314674048724556010e-02 3.324567149707603059e-02 2.739232685135500334e-01
1.105352110029162865e-01 8.441290948754243129e-02 3.226416099731563292e-02 2.731463985135907935e-01 1.083719365020567316e-01 8.549344898862058784e-02 3.247384549724602332e-02 2.733020890139905568e-01
1.069677930014698991e-01 8.785877499006114477e-02 3.157949149761269531e-02 2.739991980129143356e-01 1.076386650014451163e-01 8.736421648996002542e-02 3.173317849755966785e-02 2.728586825137230276e-01
1.067518915009889879e-01 9.049984599166760457e-02 3.087882899781584783e-02 2.722269725140511465e-01 1.079517370016317007e-01 9.156912599233736627e-02 3.090416399784997464e-02 2.692174340137904465e-01
1.063712755015761013e-01 9.290784949349584210e-02 3.017417149816537317e-02 2.690011875136160691e-01 1.061907360005349549e-01 9.253982749332209656e-02 3.000860499824938021e-02 2.728063475141983552e-01
1.042795874995058186e-01 9.555233399515299098e-02 2.915832649860836470e-02 2.697110420143818965e-01 1.043156959993325889e-01 9.630009599536595855e-02 2.945111849851000246e-02 2.712317995139175153e-01
1.070134595011823786e-01 9.970530399713865843e-02 2.896499349864305878e-02 2.668951540146751178e-01 1.042086520002982603e-01 9.933862949723329394e-02 2.887774999870357240e-02 2.649960575143437969e-01
1.066943155008237276e-01 1.034672174988158777e-01 2.816214699900954424e-02 2.605176775148236312e-01 1.067328125003117190e-01 1.034984169989502378e-01 2.815987399906929103e-02 2.627675390151372192e-01
1.079912655019132778e-01 1.074886180008654130e-01 2.782697149923672036e-02 2.585282335155185685e-01 1.056342200007823473e-01 1.069692220008015282e-01 2.754077349927803661e-02 2.580206960149002970e-01
1.066914515005328162e-01 1.134742170032364550e-01 2.714275799959397009e-02 2.541380695152346547e-01 1.074954835017086496e-01 1.119939920026522123e-01 2.729631799941933251e-02 2.517677105153720563e-01
1.084893230014525034e-01 1.163972895040080308e-01 2.670212849978198869e-02 2.460508125165256077e-01 1.095058645012134541e-01 1.159988265037735916e-01 2.671785399982165576e-02 2.501379015159161945e-01
1.100452825020710040e-01 1.216853200054449080e-01 2.640530399996677408e-02 2.411901190163937558e-01 1.099056230023694181e-01 1.214939300053106963e-01 2.632492450007861001e-02 2.429494970168870616e-01
1.095388085022691305e-01 1.275916905072001506e-01 2.591952200021438446e-02 2.381780235166041926e-01 1.094403950018004307e-01 1.249201530064458776e-01 2.583870400027651199e-02 2.385727035170233656e-01
1.112874025024577912e-01 1.315777070083077871e-01 2.571731300034730064e-02 2.320914890171599521e-01 1.110779990026731778e-01 1.331515270087575697e-01 2.556917800050092018e-02 2.295273845164517712e-01
1.119267690035673779e-01 1.363167025090834816e-01 2.510823800072125786e-02 2.275170725171500041e-01 1.114669410029927032e-01 1.365477815088599056e-01 2.519430750064959382e-02 2.259221880171916885e-01
1.128635675033369534e-01 1.442051455105228253e-01 2.493357700089769355e-02 2.157592460172336191e-01 1.139935830039817688e-01 1.441149280104034869e-01 2.487211750090130569e-02 2.192578355172346560e-01
1.137174380035791965e-01 1.496162380116328738e-01 2.467522600097183175e-02 2.132914610173595460e-01 1.137670550030060457e-01 1.496699740112698018e-01 2.472840650093940246e-02 2.105342015169090475e-01
1.152095245032708770e-01 1.555690695121744738e-01 2.433979950124196337e-02 2.039417865173470124e-01 1.167363925044894724e-01 1.549649280121964123e-01 2.435254950122191925e-02 2.048859500171582859e-01
1.165988920048594141e-01 1.630316625129895336e-01 2.420258750137420714e-02 1.966852900166590201e-01 1.177147315051233212e-01 1.630678220128450595e-01 2.402264150146692437e-02 1.946763730166062301e-01
1.204200805058281282e-01 1.670995540134571633e-01 2.383251450159383500e-02 1.880758275157222992e-01 1.183818610055040188e-01 1.701454365135641744e-01 2.380831750162387683e-02 1.882364085165847412e-01
1.212881965063834777e-01 1.757342810149249424e-01 2.362769300175290160e-02 1.799081580154009430e-01 1.221190185063686928e-01 1.742978190144305051e-01 2.367135500174387397e-02 1.793534790154678316e-01
1.223061265063987851e-01 1.824506260162708504e-01 2.323078500203663507e-02 1.713662910144895246e-01 1.230540415064281107e-01 1.811496560159034930e-01 2.334400400194068526e-02 1.730984700139052146e-01
1.240784105072683663e-01 1.889354775171777912e-01 2.308547900212451834e-02 1.632193040130013040e-01 1.262145505077722218e-01 1.883579425167329346e-01 2.305459000216228405e-02 1.630542460132255733e-01
1.271905275073851038e-01 1.951069735179550291e-01 2.297315550227823147e-02 1.546030770122810705e-01 1.270422850070209164e-01 1.962201940180325899e-01 2.292777050225938348e-02 1.539360170116468307e-01
1.297278975077364171e-01 1.994265505185004450e-01 2.270135750246550857e-02 1.487882505114027920e-01 1.293585125074218911e-01 2.010398565179990493e-01 2.246118200267083892e-02 1.464963930113844515e-01
1.287672530086254874e-01 2.065713165187641198e-01 2.248759550261638165e-02 1.409913185100359900e-01 1.306364675081023718e-01 2.080937290189210087e-01 2.235858750275970114e-02 1.400937325103747688e-01
1.249171690062542278e-01 1.237478560060911448e-01 1.253468750064951343e-01 1.250431965062301087e-01 1.250132780061389837e-01 1.259017910066493884e-01 1.254125320069543470e-01 1.246173025062803363e-01
1.789284055154996278e-01 6.550991398861426285e-02 8.462018398765695781e-02 3.269488559922985593e-01 2.110856975168833860e-01 7.595887598766923321e-02 1.813709500359450555e-02 3.881097199447338525e-02
1.713538215142645371e-01 6.474317798874286434e-02 8.234606898735087610e-02 3.417245199901718378e-01 2.058315240158974657e-01 7.621563648769934252e-02 1.783523050363853418e-02 3.995002049419795614e-02
1.697164120138160426e-01 6.531171898871597492e-02 8.082021348744704292e-02 3.567394544889876951e-01 1.952635450171997522e-01 7.489102598792710119e-02 1.724590950349971091e-02 4.001172049404606856e-02
1.602542675129482730e-01 6.545930048862302897e-02 7.925071648750806053e-02 3.742178949871216576e-01 1.873494655155243105e-01 7.490692898781943498e-02 1.714092100346676500e-02 4.142050499385415557e-02
1.562331725127253657e-01 6.472028298881800368e-02 7.699597148780548683e-02 3.875793064888761186e-01 1.817711835155288447e-01 7.477076148769871977e-02 1.666650150342920828e-02 4.126281999384177196e-02
1.500847230120596898e-01 6.429466448875474638e-02 7.310851848828765764e-02 4.041988439911864961e-01 1.773668965159161115e-01 7.322274498786415786e-02 1.627275800335740985e-02 4.145085049361345308e-02
1.470594320115864717e-01 6.379506398888788732e-02 7.140104848834175066e-02 4.178686859938809950e-01 1.677022835144204860e-01 7.384669348768169161e-02 1.606049500330553395e-02 4.226629749350029053e-02
1.431644440116960348e-01 6.366942998894192796e-02 6.883642948870297151e-02 4.313389384960754080e-01 1.605507790136291857e-01 7.271885898783156388e-02 1.554408550316127742e-02 4.417703449302180785e-02
1.349480200092182947e-01 6.373046298887215244e-02 6.681500198891852926e-02 4.480398949999158109e-01 1.546312680133976880e-01 7.237467248781825901e-02 1.527564400317311943e-02 4.418503549264477664e-02
1.296362045083080117e-01 6.338951498888363567e-02 6.350306948942253948e-02 4.673117465045837915e-01 1.467091425118415560e-01 7.099740348827397740e-02 1.468813300299496617e-02 4.376478549255407441e-02
1.269567025078611744e-01 6.394221848848254119e-02 6.166999448973251724e-02 4.741152470063087487e-01 1.420663310113594591e-01 7.197149698803267936e-02 1.445064150301983083e-02 4.482736799263041527e-02
1.253999260077871547e-01 6.372227448889578039e-02 5.926335299017648078e-02 4.820793845093365726e-01 1.373376155100935192e-01 7.161265998805367572e-02 1.414494800292367786e-02 4.643983849200806341e-02
1.218798940062802288e-01 6.383564748877663952e-02 5.649606199059994255e-02 4.953070475132076433e-01 1.310733000092476064e-01 7.215322998799429677e-02 1.383465900285985734e-02 4.542015999205774313e-02
1.162924410048993829e-01 6.433171498875107919e-02 5.469960449095177119e-02 5.001319230148661976e-01 1.290879680082682446e-01 7.339222798796424252e-02 1.396512400287090554e-02 4.809899649167339447e-02
1.163498795050590812e-01 6.445831248885841580e-02 5.244857399165464562e-02 5.094511895181195182e-01 1.222948080064396592e-01 7.243853398791448572e-02 1.354235450278951612e-02 4.901634799139929777e-02
1.104623785030727223e-01 6.402965048883464683e-02 5.050347149210402536e-02 5.175308370225206733e-01 1.209832115075396564e-01 7.276535448787928295e-02 1.332480950274657176e-02 5.040028699115772087e-02
1.122184365032688341e-01 6.554845348878750311e-02 4.793205099272363628e-02 5.201899705212387204e-01 1.168243710052865869e-01 7.327694948801220798e-02 1.315302500267507592e-02 5.085674299103015716e-02
1.092050240014843243e-01 6.677047798857271843e-02 4.620438499330851989e-02 5.230792550229297344e-01 1.134625430045807237e-01 7.483300998764365330e-02 1.308206250268018414e-02 5.336324249037718154e-02
1.071876410017132408e-01 6.815446948818226769e-02 4.475209099384035161e-02 5.270076470259478230e-01 1.107093840027638526e-01 7.549528398758444114e-02 1.286633850262190217e-02 5.382714499011132664e-02
1.042670729997120377e-01 6.945640948823234018e-02 4.337054099439383720e-02 5.274527730254412461e-01 1.089620185030756166e-01 7.801036148751511190e-02 1.292735700258830847e-02 5.555346648989131081e-02
1.052742115001740475e-01 7.102779948792138642e-02 4.183735349492933436e-02 5.260944580230505485e-01 1.058321815006270095e-01 7.937276198734904975e-02 1.282923700262907953e-02 5.773199698924015577e-02
1.014740979983196761e-01 7.332749748785043209e-02 4.035019949522474642e-02 5.222745175208427515e-01 1.074886440012316619e-01 8.137497248734137933e-02 1.281689050257666003e-02 6.089318048905973529e-02
1.026607239996937676e-01 7.466160298779618565e-02 3.887544599548310026e-02 5.236761685231433594e-01 1.018492929997005109e-01 8.394073848719491027e-02 1.274009750258453359e-02 6.159592948903138548e-02
1.021874909997152886e-01 7.781007798738573400e-02 3.805680749568702420e-02 5.142978020208914813e-01 1.025066039989573075e-01 8.613541998867461913e-02 1.275016650263062143e-02 6.625563098780123950e-02
1.019319539994615470e-01 7.826355848742624910e-02 3.664268249604930860e-02 5.081672765168592232e-01 1.037944949994736160e-01 9.016196549186514253e-02 1.287025000258093868e-02 6.816781798766351208e-02
1.023422664989372538e-01 8.379033098731365758e-02 3.585835449624364540e-02 5.018268710123799936e-01 9.969161499699118190e-02 9.295294149321133015e-02 1.283209500261639317e-02 7.070552548760690448e-02
1.032672679997924531e-01 8.604455648885216135e-02 3.491911799659066368e-02 4.943120155127745941e-01 9.984612149797812697e-02 9.602825849531859692e-02 1.292164850260678170e-02 7.266101348761871970e-02
1.044142414997190488e-01 8.929339499135308111e-02 3.398847699684486717e-02 4.814019990064524190e-01 9.982288049702950361e-02 1.009449409974604167e-01 1.306736450263894581e-02 7.706670148735267345e-02
1.036539504990920957e-01 9.268186549331507151e-02 3.342010399696482281e-02 4.687472260037575111e-01 1.015377214996064648e-01 1.056194829997161577e-01 1.309965950266324397e-02 8.123998998695394769e-02
1.062987445011589621e-01 9.747524649609744241e-02 3.233722799729496500e-02 4.603029025028029242e-01 9.834286149692997303e-02 1.086918675010841578e-01 1.303797600263187362e-02 8.351317348706323307e-02
1.076716325012102571e-01 1.010185399979507681e-01 3.197968599742193746e-02 4.463377789992385991e-01 9.805060699717831063e-02 1.142513490034174767e-01 1.315415750269987617e-02 8.753624898973802471e-02
1.099873595026374939e-01 1.072561095008581072e-01 3.143860199760942914e-02 4.294701054950682551e-01 9.873217249732417489e-02 1.190340850051481714e-01 1.319458450267942638e-02 9.088698149173179974e-02
1.094258715022582568e-01 1.075864625011189041e-01 3.046001399803344514e-02 4.213968544936322336e-01 9.985488299787768918e-02 1.236192720060478867e-01 1.332466000268157577e-02 9.433198249500925059e-02
1.103244860021208584e-01 1.148811495037393993e-01 3.009459399818223413e-02 4.004208804927830156e-01 1.014086334987001625e-01 1.309897600083465286e-01 1.347547200275942512e-02 9.840502449712110189e-02
1.123121670032024566e-01 1.190346515050664800e-01 2.965600749832910873e-02 3.793264344920905806e-01 1.027037444997017657e-01 1.390316005099234420e-01 1.382513950282314094e-02 1.041102550002224736e-01
1.142399395032729081e-01 1.247966470068819778e-01 2.935529049848570327e-02 3.667655974913653916e-01 1.003990554983204969e-01 1.452733425111397414e-01 1.362161800278029709e-02 1.055485095009336821e-01
1.178106815053102940e-01 1.285717735080376400e-01 2.868906249877559850e-02 3.470155219938372837e-01 1.033651149997778101e-01 1.502534905116703623e-01 1.378739000283024478e-02 1.105069650022885985e-01
1.186563525057789531e-01 1.335522760090971095e-01 2.840051999893493384e-02 3.324156329972532964e-01 1.018237784988368921e-01 1.590323310124650835e-01 1.389662800284239413e-02 1.122224810046880683e-01
1.220456185067657906e-01 1.397255465098595217e-01 2.806784199904020782e-02 3.094454220025325553e-01 1.037334655007467465e-01 1.659499115135067426e-01 1.402029350285650781e-02 1.170119005047263738e-01
1.222047295064411093e-01 1.443774910106431220e-01 2.747966349938420899e-02 2.962887930049649121e-01 1.037926054999857572e-01 1.739784805149156288e-01 1.421654150293998227e-02 1.176616955052505464e-01
1.263850595074369754e-01 1.482361770113713173e-01 2.709702099956615498e-02 2.759740640089556329e-01 1.047756695001143545e-01 1.829058990165801646e-01 1.421367100291352770e-02 1.204124390059437416e-01
1.272107180074189547e-01 1.544390830120098146e-01 2.681870999968698210e-02 2.623956230111147980e-01 1.047069960000584499e-01 1.885755230174724351e-01 1.425848600294098677e-02 1.215948610065733099e-01
1.297393315085230980e-01 1.588437740123435915e-01 2.637543149995709435e-02 2.439710055133057498e-01 1.074624565010614680e-01 1.969498250180382326e-01 1.432732900293563240e-02 1.223308470071867854e-01
1.311683870089386250e-01 1.657867015130358446e-01 2.612711800009828028e-02 2.262286645150108633e-01 1.080450500014662890e-01 2.052114170188428788e-01 1.431538900294201423e-02 1.231172730070858451e-01
1.361307965093368488e-01 1.701098590136956301e-01 2.583121350031345950e-02 2.103439810155194323e-01 1.060095355016065083e-01 2.142906470194330115e-01 1.433029250294175910e-02 1.229536750072655199e-01
1.346759965093653755e-01 1.714163755143764123e-01 2.557469400045583527e-02 1.991916075158129129e-01 1.122192305030120379e-01 2.227592875197256239e-01 1.439493100295907539e-02 1.197678775057921946e-01
1.380569260101042195e-01 1.785978835150090482e-01 2.519795600072325184e-02 1.807086790152829248e-01 1.084975325020774151e-01 2.317790375197051334e-01 1.441513050294936787e-02 1.227468550066375674e-01
1.404741475098705283e-01 1.836334140156955508e-01 2.501622750081944693e-02 1.698548130142074064e-01 1.126628570039323873e-01 2.368933545196251489e-01 1.438072300295513591e-02 1.170844635041384252e-01
1.493967525108258199e-01 1.499687695107879692e-01 1.657094865127119732e-01 1.644445380129494760e-01 8.320571848720369201e-02 1.918431915170294155e-01 1.220617300239334839e-02 8.322537048730219156e-02
1.544082065116434144e-01 1.552301445116676670e-01 1.545391800117446313e-01 1.553284485118723579e-01 8.420553998693129649e-02 2.025757335188319574e-01 1.242550050247395385e-02 8.128724648758672844e-02
1.000000000000000000e+00 1.000000000000000000e+00 1.000000000000000000e+00 1.000000000000000000e+00 1.000000000000000000e+00 1.000000000000000000e+00 1.000000000000000000e+00 1.000000000000000000e+00
1.779472965149354879e-01 6.745923798852399011e-02 8.321617548731675973e-02 3.381927049903831750e-01 2.049371525163230789e-01 7.316521648797180699e-02 1.756229600356390766e-02 3.751991999469259792e-02
1.733024585152329600e-01 6.726696098836566773e-02 8.140087498736493787e-02 3.541103874885390690e-01 1.968349060160052844e-01 7.240914448798051184e-02 1.707058850349046572e-02 3.760467899477769327e-02
1.665377915138583353e-01 6.629069748861998734e-02 7.816015098762692237e-02 3.708816309886702745e-01 1.905894575161588833e-01 7.199193198812053884e-02 1.698723750344583935e-02 3.856110199453691156e-02
1.610446785132420566e-01 6.626786098838996497e-02 7.664351448772922792e-02 3.851567959882597481e-01 1.833786240163220449e-01 7.204579248801118441e-02 1.642742900333377110e-02 3.903530449448525119e-02
1.563857185130657912e-01 6.573531398861176545e-02 7.384519398823720382e-02 4.005062764906468509e-01 1.768572645147825362e-01 7.171591698821065675e-02 1.606698800327655691e-02 3.888732749455590249e-02
1.503730855126726995e-01 6.558360398855726803e-02 7.140103448840245948e-02 4.197780089909308177e-01 1.668082815139617370e-01 7.033212098826517600e-02 1.573880250324960831e-02 3.998506199408621842e-02
1.477944215121422822e-01 6.600387148844524821e-02 6.873825298864198741e-02 4.304492644950775326e-01 1.618301915134194857e-01 6.948538898833482580e-02 1.522980850314373767e-02 4.046880049407733382e-02
1.422332465111806332e-01 6.511132348852327612e-02 6.633462748904060680e-02 4.472945474999494575e-01 1.540344180126925200e-01 6.959974848830081939e-02 1.506357000312532474e-02 4.032851849390049065e-02
1.359174010097781160e-01 6.358042448891126908e-02 6.357570048933493256e-02 4.636037215035652137e-01 1.487029225123839560e-01 6.939029798826613915e-02 1.449737100300994494e-02 4.073216099390399025e-02
1.324996495085018211e-01 6.442122698881867782e-02 6.120572898976282122e-02 4.775968070071067717e-01 1.401951050119565889e-01 6.866509498839917791e-02 1.421510650291893559e-02 4.120128099397599858e-02
1.284025960078168105e-01 6.518126048870709344e-02 5.912490349018045821e-02 4.832432275079098227e-01 1.384829940110259006e-01 6.864280048842510973e-02 1.402600400287824269e-02 4.289621399352291919e-02
1.225000150066150734e-01 6.470778198870279219e-02 5.658796999066399713e-02 4.949950195136353925e-01 1.343814140098624210e-01 6.917902098838493719e-02 1.391423200289954379e-02 4.373454649288853469e-02
1.226325930074078363e-01 6.518298798879021416e-02 5.419674499111880317e-02 5.064958785179233258e-01 1.273252500073753235e-01 6.783538248841057550e-02 1.356427300279905261e-02 4.276688999341932140e-02
1.175533810059158635e-01 6.673579348843415582e-02 5.256920599148470763e-02 5.128897125203779606e-01 1.230832745072560630e-01 6.906162498813236961e-02 1.320555000270957902e-02 4.490145749266125086e-02
1.190862890058042994e-01 6.621066948829812393e-02 5.046549099208161304e-02 5.149417590213007934e-01 1.205784395068186521e-01 7.020747198812581080e-02 1.315488250270565283e-02 4.535499749239654127e-02
1.138375610043568936e-01 6.737117998858500878e-02 4.811006999273723800e-02 5.236767605220739030e-01 1.172007060048955857e-01 7.042967548828306390e-02 1.296189900262450373e-02 4.641214799209605890e-02
1.114845390028398608e-01 6.769461598843234951e-02 4.662660499320715052e-02 5.285228185242348831e-01 1.130602930035138065e-01 7.127588648820883110e-02 1.279764050257689752e-02 4.853760149136610025e-02
1.093921965029711479e-01 6.990725448825926835e-02 4.466501199376239628e-02 5.310394065280763520e-01 1.106292660025263996e-01 7.133649348805019830e-02 1.279148550256964910e-02 5.023888549098788625e-02
1.093417860020645116e-01 7.139049298793483100e-02 4.337958999428135481e-02 5.305707545255616830e-01 1.083005275017190211e-01 7.301997998781357968e-02 1.256476500253889302e-02 5.143210399087214807e-02
1.072790260016775743e-01 7.243620748801007925e-02 4.159990049494596831e-02 5.294366590251589066e-01 1.081885345014747951e-01 7.531525398776110769e-02 1.262761300253010394e-02 5.311680549020493525e-02
1.080233225019358451e-01 7.541702048782049361e-02 4.055754749518396957e-02 5.263917515232402478e-01 1.050882295002940059e-01 7.769988798748962699e-02 1.257172000253996107e-02 5.425052049027456053e-02
1.061526235006657048e-01 7.539643598752589215e-02 3.907529399542431642e-02 5.251773155240877511e-01 1.047340470003449153e-01 8.019111198734368839e-02 1.267552700253835561e-02 5.659764498960681567e-02
1.064934910010584268e-01 7.974540898750707985e-02 3.787159299575906801e-02 5.188110835214100325e-01 1.020394269995914815e-01 8.249089148731900134e-02 1.265092900252363581e-02 5.989717598899875484e-02
1.061988700007227560e-01 8.108097198746817835e-02 3.682044699595125870e-02 5.147544990184871327e-01 1.024347834986962386e-01 8.546179448848549576e-02 1.260013750252078450e-02 6.064849648911355834e-02
1.066606105013703371e-01 8.509240148810848225e-02 3.555047149635782305e-02 5.089931025183184188e-01 9.984632999833401024e-02 8.751231648972852828e-02 1.256624750251449443e-02 6.377851998847675064e-02
1.049282930010739939e-01 8.739447548982498537e-02 3.488869049649409582e-02 5.022192425159711648e-01 1.017292129986379912e-01 9.087918699192970573e-02 1.262868100256231071e-02 6.533221748835187082e-02
1.064380740005487352e-01 9.173578749280486555e-02 3.408899799673240083e-02 4.912089055102765722e-01 9.880434099757144650e-02 9.469946249426523799e-02 1.260442350250713488e-02 7.042000798826178465e-02
1.087675565016200802e-01 9.439981049410579861e-02 3.332296099701931996e-02 4.811368285075086626e-01 9.824125649640007285e-02 9.777824149591367309e-02 1.267198300251639459e-02 7.368136248772003127e-02
1.079447270017572652e-01 9.936265749707447192e-02 3.247772449731104599e-02 4.713167480048049973e-01 9.712363199580544004e-02 1.020455954983064406e-01 1.269848000254219372e-02 7.703043548756381698e-02
1.114547150027020289e-01 1.018577109983276607e-01 3.165198699757335032e-02 4.545126125006049844e-01 9.931680549774390965e-02 1.073268805009938431e-01 1.295423300261726827e-02 8.092505548743475496e-02
1.141087000040546667e-01 1.085695190017691297e-01 3.122671349768557647e-02 4.424761414975643681e-01 9.664465299587181313e-02 1.114104875020731772e-01 1.284180800260337381e-02 8.272197748678235263e-02
1.127044380036587579e-01 1.113807240025975337e-01 3.066287149798037348e-02 4.272597454962120955e-01 9.897741349738921335e-02 1.170997760042093300e-01 1.323158750270930772e-02 8.868344399087618735e-02
1.145429630046232300e-01 1.186446525043242939e-01 3.028465249812172660e-02 4.097107099944478081e-01 9.939902749844686802e-02 1.232191365065656991e-01 1.315682950264919493e-02 9.104202849239341477e-02
1.184193110056239034e-01 1.234831075065601497e-01 2.982469799832100990e-02 3.961130539921313698e-01 9.706576149653917129e-02 1.296423265076377118e-01 1.321012000266951446e-02 9.224162149327855276e-02
1.182048355050429184e-01 1.279296400075068951e-01 2.927964749848220583e-02 3.774245439919203249e-01 9.936410549671648162e-02 1.346851680089681813e-01 1.338192050272069174e-02 9.973013899843989616e-02
1.209378475055281760e-01 1.337826600092656415e-01 2.888504399864992925e-02 3.597451139936250208e-01 9.890393849710618634e-02 1.408482745101831968e-01 1.355740350275866889e-02 1.033397179995038523e-01
1.236003650069090187e-01 1.377709010091122677e-01 2.865282799887296228e-02 3.459095684952042116e-01 9.840330799788653271e-02 1.486394870111854283e-01 1.362368000277981196e-02 1.033998625007192251e-01
1.268905425074715598e-01 1.452886585103472794e-01 2.818689899906888507e-02 3.234321879989534576e-01 9.924922199801934630e-02 1.546636105122626281e-01 1.369609800282501830e-02 1.085927815014061104e-01
1.275690565078970440e-01 1.514308840116798671e-01 2.780225299929908050e-02 3.093481140024943454e-01 9.946455949766211391e-02 1.607846315122442860e-01 1.379750850281422428e-02 1.098029930031729634e-01
1.287684520082467976e-01 1.533807665120954511e-01 2.702344149960618849e-02 2.947103115055234590e-01 1.020790259984671322e-01 1.668553160135265723e-01 1.388177750284569183e-02 1.133009090041368211e-01
1.335154095093738502e-01 1.602165280128825808e-01 2.696938149972169518e-02 2.679132025093823866e-01 1.042383574998088230e-01 1.766100515154279404e-01 1.401367600287536409e-02 1.165233935049157371e-01
1.362183930088808059e-01 1.659871845131809520e-01 2.661180699982352085e-02 2.537807750127581419e-01 1.044161429998337332e-01 1.840595190161307404e-01 1.402552150287458832e-02 1.149006570043412945e-01
1.359681980093404574e-01 1.725777365139233299e-01 2.623187100002922698e-02 2.373307740139990740e-01 1.067453550012306129e-01 1.903171280173928670e-01 1.406172450287277755e-02 1.167672130052416907e-01
1.392418465100642988e-01 1.778401305148868683e-01 2.594426100022690848e-02 2.242297020148612263e-01 1.036703844993543677e-01 1.981765725183127491e-01 1.403299650287007962e-02 1.168641065047408417e-01
1.461518530110134384e-01 1.841573490166262816e-01 2.555843350042956083e-02 2.062465055154418248e-01 1.050923205003844590e-01 2.057854465189268567e-01 1.404138250289930015e-02 1.129667095028916712e-01
1.451969335107845815e-01 1.885692895163774419e-01 2.551995700049997789e-02 1.904976110150029545e-01 1.079411385019816288e-01 2.134618360192858666e-01 1.408072050289344360e-02 1.147325140051723841e-01
1.473012040108712117e-01 1.480378200107335118e-01 1.841411905154261286e-01 1.843449085148749778e-01 7.952071248749999210e-02 1.677201715133783411e-01 1.182318100229435599e-02 7.711081198753927390e-02
1.541467565116158567e-01 1.555317470112956291e-01 1.711283520137428515e-01 1.730646455147316631e-01 7.967859598754192807e-02 1.773144505153725903e-01 1.196586450231209436e-02 7.716958798762751925e-02
1.620652220121905074e-01 1.620847775124925061e-01 1.594766075125809146e-01 1.608605145127979530e-01 8.077404698758049173e-02 1.859299230165476768e-01 1.208838800237149042e-02 7.672052048760924503e-02
1.000000000000000000e+00 1.000000000000000000e+00 1.000000000000000000e+00 1.000000000000000000e+00 1.000000000000000000e+00 1.000000000000000000e+00 1.000000000000000000e+00 1.000000000000000000e+00
1.000000000000000000e+00 1.000000000000000000e+00 1.000000000000000000e+00 1.000000000000000000e+00 1.000000000000000000e+00 1.000000000000000000e+00 1.000000000000000000e+00 1.000000000000000000e+00
1.821106585152657276e-01 6.829516948828120992e-02 8.014370548761362567e-02 3.533949829886825489e-01 1.940672120161487657e-01 6.992039148821431460e-02 1.691457350345999811e-02 3.515330649538705304e-02
1.781715095155043116e-01 6.738350348829133529e-02 7.800495948766290877e-02 3.649643524880181178e-01 1.900385590163424510e-01 6.971968798845594451e-02 1.648707400340172768e-02 3.523035399535050932e-02
1.657698030139916068e-01 6.689358798863676014e-02 7.579793048781043041e-02 3.886730434897556763e-01 1.825926000162297058e-01 6.856107198842460726e-02 1.609528150329538054e-02 3.561668149510548859e-02
1.638793635136106264e-01 6.737919398848081498e-02 7.376159998808311247e-02 4.007338734895374843e-01 1.748585785158229267e-01 6.826685348836425415e-02 1.557457100321116457e-02 3.554596599518571043e-02
1.583334980137310610e-01 6.766778098841652600e-02 7.134743748830765786e-02 4.130433649922736206e-01 1.687814405137494922e-01 6.836486098838209791e-02 1.543946900314341515e-02 3.702214799495688602e-02
1.540861935129147486e-01 6.663326498843971657e-02 6.875607648860518339e-02 4.289125249965988207e-01 1.619153110132693363e-01 6.739060798841418898e-02 1.500561050312517429e-02 3.730041049466147063e-02
1.456244315116577981e-01 6.686870498844336985e-02 6.609306398896565293e-02 4.471602950004625043e-01 1.554892655136426161e-01 6.650767498855485182e-02 1.474055650309461819e-02 3.751600749460253653e-02
1.444892020113617837e-01 6.618688548858477072e-02 6.400942698924499963e-02 4.585055170019625703e-01 1.470746405128164624e-01 6.705629148838730680e-02 1.446217350299905217e-02 3.821586299477937321e-02
1.391093805109293868e-01 6.640513798853812932e-02 6.125904348981934394e-02 4.723036345056723095e-01 1.421570965113932161e-01 6.590033798870180426e-02 1.395989650290039435e-02 3.890547249443483679e-02
1.340281180095720948e-01 6.742301498838247642e-02 5.949308899012934609e-02 4.787803910081093739e-01 1.398984440111505634e-01 6.641910348861669589e-02 1.398411000289739858e-02 3.997372949421025556e-02
1.293365565079854784e-01 6.636964798847269642e-02 5.657977349059730571e-02 4.929453210139077002e-01 1.347425130105800450e-01 6.672257148850221919e-02 1.370776900285804178e-02 3.959584749420200916e-02
1.241464670075920901e-01 6.752642498806700477e-02 5.487957349092990184e-02 5.058131635181714048e-01 1.278841115080709689e-01 6.609802198850493749e-02 1.337772400274979227e-02 4.027451349419507859e-02
1.241624485071936984e-01 6.738608898823658655e-02 5.275976099144436687e-02 5.131146785195698223e-01 1.224987405068991148e-01 6.616557498859917952e-02 1.306959100270746466e-02 4.084311649389626292e-02
1.199041450056816949e-01 6.819933698825256241e-02 5.034614149206505240e-02 5.226864050233552828e-01 1.174988315058178856e-01 6.670165998852869982e-02 1.293755900264822664e-02 4.172592099368442609e-02
1.179095025054722884e-01 6.958318548821268434e-02 4.906036699238690291e-02 5.247990115255649624e-01 1.153313180049213710e-01 6.701258098835444210e-02 1.277787450257755406e-02 4.352615999280896875e-02
1.165385600050816151e-01 6.930923148829122582e-02 4.674800049310494365e-02 5.292613800245906663e-01 1.135674465029396091e-01 6.802897148849378073e-02 1.260134950250169951e-02 4.394506049315804325e-02
1.134921400038213235e-01 7.126906798812897292e-02 4.515207849378887611e-02 5.313642465272473414e-01 1.106833650030229627e-01 7.006274748822499676e-02 1.262861050255243214e-02 4.534774399264634298e-02
1.132383225032612545e-01 7.199032248800882328e-02 4.341223049434236869e-02 5.339566600277173558e-01 1.082345675016330860e-01 7.057862648804993921e-02 1.243991650247920286e-02 4.614935399206107625e-02
1.115046270029953490e-01 7.404402498771139873e-02 4.199648649484011287e-02 5.314996645266136799e-01 1.076422065022509672e-01 7.191157998803854312e-02 1.247624100250364736e-02 4.892516949112375030e-02
1.103738400025702643e-01 7.563270648775619054e-02 4.012735699537662432e-02 5.341661640273526190e-01 1.048629485015092622e-01 7.251521748777073340e-02 1.220900150242776837e-02 5.011276499127686329e-02
1.098232160026107185e-01 7.794883598745723507e-02 3.943159499535565937e-02 5.294236550249138418e-01 1.027207424994744378e-01 7.622287248757317335e-02 1.225786500241921040e-02 5.217121799080170347e-02
1.094409505017683998e-01 8.098953148747309316e-02 3.807138949569141562e-02 5.250586825236414068e-01 1.022408504998078421e-01 7.735040398748481427e-02 1.244426100249013123e-02 5.440393048988867442e-02
1.080831190015049403e-01 8.256690948745050440e-02 3.686241149599723405e-02 5.221368665221852723e-01 1.012839229997692797e-01 8.053224048738884255e-02 1.226199800241127916e-02 5.627253198990992550e-02
1.094012435020349783e-01 8.536210198838486973e-02 3.581886199624085415e-02 5.163724830187119696e-01 9.979183349770298639e-02 8.286319048718815417e-02 1.230463950245434812e-02 5.808564598960581221e-02
1.117697525032267519e-01 8.924342499098256165e-02 3.524005299646660455e-02 5.069265040156925028e-01 9.705351849637164352e-02 8.615763648890997772e-02 1.232801200247475235e-02 6.128109848867412807e-02
1.099268200025371039e-01 9.378131049404507535e-02 3.407739299669407945e-02 5.023106815136371139e-01 9.682601499625659303e-02 8.739269998962606589e-02 1.224462450244202978e-02 6.344045548839503945e-02
1.158995780054079411e-01 9.787644249610641389e-02 3.312526749697431577e-02 4.863903435106839424e-01 9.667085399689089031e-02 9.240429399317995340e-02 1.231329350247240689e-02 6.531992698836390498e-02
1.106543865019754269e-01 1.020835254982345869e-01 3.284080849724217710e-02 4.793290925057888674e-01 9.622045549614018090e-02 9.634715049545723720e-02 1.258023950251089575e-02 6.994434148781318583e-02
1.126257095028657812e-01 1.061994015002546143e-01 3.205896749749589242e-02 4.667040145041949084e-01 9.792728599720609828e-02 1.006460799975892190e-01 1.254712400253129613e-02 7.129141698763398483e-02
1.155511800043436121e-01 1.099681310018741781e-01 3.140443549766505638e-02 4.508980954997758306e-01 9.671989799638870677e-02 1.058281884999123235e-01 1.278012500256650412e-02 7.684994648748448565e-02
1.172778380050623626e-01 1.155906150038898961e-01 3.079660499792559111e-02 4.377060399970926219e-01 9.715816699601217965e-02 1.092504210011239763e-01 1.275536000257000528e-02 7.946495398712799529e-02
1.203361785060536177e-01 1.197722345050254433e-01 3.002645499820496763e-02 4.214976354943482661e-01 9.811955899747136500e-02 1.129910190029718570e-01 1.286130250255998475e-02 8.439561598704872769e-02
1.231108540073097835e-01 1.257705645064414735e-01 2.991386349827191912e-02 4.063406619932160568e-01 9.561434849580140172e-02 1.201017780051068379e-01 1.294478200262810970e-02 8.620314748902255242e-02
1.236761890074313391e-01 1.315213405084923182e-01 2.942263999846678191e-02 3.920386409919381920e-01 9.624097099538926614e-02 1.248415260065969395e-01 1.305054450264292974e-02 8.920814799080969970e-02
1.245857005072971979e-01 1.368466355094003495e-01 2.891716249860953533e-02 3.731385474917438549e-01 1.004533169987086028e-01 1.317556750083468675e-01 1.313723350265989971e-02 9.116572849249808541e-02
1.314654145091453952e-01 1.432232160100549156e-01 2.868384949880813800e-02 3.548350089941971763e-01 9.894944949724189531e-02 1.356479410090649651e-01 1.314872100265313155e-02 9.404639949464910220e-02
1.314515940088477053e-01 1.495768770113969359e-01 2.812521899906608377e-02 3.351158899971571348e-01 9.870463199703628787e-02 1.437617675103182724e-01 1.328638150269807403e-02 9.997763899860490078e-02
1.326314920090245209e-01 1.551556710123850324e-01 2.768684049927198909e-02 3.183759595000457132e-01 1.016804414997583839e-01 1.492435630115734324e-01 1.341345600271840778e-02 1.018125764989093324e-01
1.345926450085156434e-01 1.618586065122521733e-01 2.728308499949938515e-02 3.012285500046241182e-01 1.007025234989583490e-01 1.563751260122781261e-01 1.350775300274163933e-02 1.044517109998705923e-01
1.404573270107694893e-01 1.678963035130389692e-01 2.691490299969523728e-02 2.804182520077987961e-01 9.974681549897655708e-02 1.636925830128919956e-01 1.349245050275669350e-02 1.073813655011850721e-01
1.441688525111687325e-01 1.735036725147555692e-01 2.673870549983173306e-02 2.634775535110527867e-01 1.008010754984697832e-01 1.720619310140342195e-01 1.364699900275422734e-02 1.056012105007906043e-01
1.453304810109461720e-01 1.803572495153570043e-01 2.649662999995537963e-02 2.503217130124577028e-01 1.016364179990137118e-01 1.760047025151761368e-01 1.358108350274317422e-02 1.062717225013394412e-01
1.463356860110709146e-01 1.850800600160306397e-01 2.610331200007289659e-02 2.299168875147302171e-01 1.051146950007786907e-01 1.872012605169443844e-01 1.373927850280157528e-02 1.065088205005711164e-01
1.487176870124853889e-01 1.902312950168761341e-01 2.587995200021361158e-02 2.164248140152923439e-01 1.039146399990634601e-01 1.924632230175378489e-01 1.365591550276046805e-02 1.087124735024995043e-01
1.460143650107544600e-01 1.450419345107647751e-01 2.041198975171796548e-01 2.004916310162434823e-01 7.559188298790263383e-02 1.480873290108013773e-01 1.137229350213253380e-02 6.928066648820668805e-02
1.515946890108518519e-01 1.531099200111992187e-01 1.883492525156177932e-01 1.919462730160312047e-01 7.709018248749746616e-02 1.566388610122231850e-01 1.149790100218368513e-02 6.977292098775446372e-02
1.606952360124756507e-01 1.600265685121340375e-01 1.786711310144319387e-01 1.757082080140637548e-01 7.727574048771208848e-02 1.638885130130592060e-01 1.156960500221849639e-02 7.216499798773530483e-02
