1.799654105158565165e-01 8.349829548755369202e-02 8.658014598938640338e-02 1.505128275115411862e-01 1.786340125156055669e-01 8.408136448770321680e-02 8.635227898924960344e-02 1.503756645114092960e-01
1.788257725153040434e-01 8.512844348848061515e-02 8.512673948829983794e-02 1.512773190119729994e-01 1.783728555151977424e-01 8.429604548795729957e-02 8.405141648760050543e-02 1.529214080117017593e-01
1.770554520150617595e-01 8.562773298867479288e-02 8.295580448760081493e-02 1.545621005119352520e-01 1.765213070152011066e-01 8.581558648900768083e-02 8.296936548756181362e-02 1.544926510124837171e-01
1.752441030147837975e-01 8.754467849019503811e-02 8.218242098760766834e-02 1.567523155121604839e-01 1.746237195149955845e-01 8.701909698977387808e-02 8.143538248755555209e-02 1.551982830120982315e-01
1.713131725138399009e-01 8.864570199079691015e-02 8.013813948780691698e-02 1.603022705127070402e-01 1.707356735141552506e-01 8.813172349052424137e-02 8.117524598759377763e-02 1.595580725128090127e-01
1.711183400139434652e-01 9.009589849170958342e-02 7.862805498788448533e-02 1.615312450126437371e-01 1.690619375129846780e-01 8.872730899109904090e-02 7.912963548778116640e-02 1.617075795130482607e-01
1.694492150132135277e-01 9.005746849184034786e-02 7.808318248791888683e-02 1.636392065131068163e-01 1.669216725136802859e-01 9.053228799186366360e-02 7.764084048787722736e-02 1.636761265129992038e-01
1.679511465132880466e-01 9.157027249270621727e-02 7.604868998793318235e-02 1.642273690128831787e-01 1.669938675132136563e-01 9.180762849300275197e-02 7.668307248790093289e-02 1.647179535132359818e-01
1.663729820131604475e-01 9.204367249311980193e-02 7.550192498792801521e-02 1.664313745132766365e-01 1.660725845132048906e-01 9.225607349305348093e-02 7.478041798821624675e-02 1.665409700132149950e-01
1.645141710126614421e-01 9.295609049358709297e-02 7.332456198834705341e-02 1.693721250141243251e-01 1.648242340129007499e-01 9.349636399386143659e-02 7.345061198831973059e-02 1.680618415136019839e-01
1.622462070125683664e-01 9.522744349513719009e-02 7.209914848847366609e-02 1.714081170136754484e-01 1.617036305131967500e-01 9.421956099438863474e-02 7.161995248848798679e-02 1.714759400142589207e-01
1.610562540125393405e-01 9.656698699591928503e-02 7.045260048861554103e-02 1.718072840145452029e-01 1.611288490128782169e-01 9.701114549595353520e-02 7.057834998863529719e-02 1.713985300141769030e-01
1.595035775128956779e-01 9.666991449564663053e-02 6.932810348866839945e-02 1.743620425144343788e-01 1.605090720127552439e-01 9.758125199643813419e-02 6.884193548891573422e-02 1.732041025143800927e-01
1.587646070125671161e-01 9.924338449680894514e-02 6.810925848892634971e-02 1.742555520145739334e-01 1.577397780124613347e-01 9.833249799675831959e-02 6.808260198872766178e-02 1.754723200147272621e-01
1.578693085121458672e-01 1.005849699976043427e-01 6.612609898900850824e-02 1.750000145149908093e-01 1.575837670128186208e-01 9.996727599742148695e-02 6.609328448916360066e-02 1.767752805148607442e-01
1.562045875126426564e-01 1.013421654978578362e-01 6.528038648922289411e-02 1.773752130155164253e-01 1.562188445121022451e-01 1.020806579983711826e-01 6.511458498929204031e-02 1.763835600152303673e-01
1.545778750123029122e-01 1.032549149989562542e-01 6.409576448948928196e-02 1.794499725151671166e-01 1.558927320124979254e-01 1.021902764984592288e-01 6.387792398933481164e-02 1.766605405149681840e-01
1.517032430113015029e-01 1.045824294992663966e-01 6.259040598958372226e-02 1.794409900158139282e-01 1.533936300117288154e-01 1.060475794997501747e-01 6.317149898939315722e-02 1.790702230156666075e-01
1.525617975121449921e-01 1.069016790003248368e-01 6.138927498978938996e-02 1.818495855158956676e-01 1.507776265117115599e-01 1.062461910002989174e-01 6.123500148993950287e-02 1.790388440150417759e-01
1.497297445114226522e-01 1.074681445009611352e-01 6.011385149002820144e-02 1.788121645157766393e-01 1.537363440123461489e-01 1.082075815008965575e-01 5.993901448998541909e-02 1.819931550158747913e-01
1.498733470116763444e-01 1.087255615010280230e-01 5.843561849033786226e-02 1.800424090157486390e-01 1.528182475122612793e-01 1.096549610015486176e-01 5.929590049022366582e-02 1.811539550158852430e-01
1.491514675113566057e-01 1.104523760017885603e-01 5.841671649028706143e-02 1.795404615161807493e-01 1.493404220109214031e-01 1.124151115023096642e-01 5.765262299037165333e-02 1.830308220164798827e-01
1.489545265114486650e-01 1.124848170027058225e-01 5.687053899063020806e-02 1.815851475162667539e-01 1.501150655116001154e-01 1.131148410027734141e-01 5.654493549071524378e-02 1.803301280152243002e-01
1.467599680105275972e-01 1.150269410032436490e-01 5.583567599084052202e-02 1.806632605159791960e-01 1.490641280114692602e-01 1.165906840043064580e-01 5.569751999088798367e-02 1.803618225158796218e-01
1.472055030108185558e-01 1.164575570036883029e-01 5.453768099121011209e-02 1.814644130158502289e-01 1.460053760108756815e-01 1.172982855041286021e-01 5.447404349105928328e-02 1.825571410162352415e-01
1.447894760113071222e-01 1.196361860051013970e-01 5.380782399125544346e-02 1.805083660156636682e-01 1.465000695112196050e-01 1.198112660047758321e-01 5.334436949135903244e-02 1.816024430156412683e-01
1.443675080108031139e-01 1.207578090049058056e-01 5.259343249148665939e-02 1.807608270154800190e-01 1.451264390109281710e-01 1.220508945055266692e-01 5.288597149136548686e-02 1.814571185157324018e-01
1.431623730104608361e-01 1.241988425064670665e-01 5.182824499168313392e-02 1.823258845166497999e-01 1.442254400103699374e-01 1.237707145061464203e-01 5.144030599180041130e-02 1.790481945150810827e-01
1.426870545099329091e-01 1.261361640069499634e-01 5.034712699197398805e-02 1.810566485160000905e-01 1.442267610106416353e-01 1.250844600064209833e-01 5.042713349206973811e-02 1.800346515157935368e-01
1.430879940103121917e-01 1.267069505063109780e-01 4.963421749230686325e-02 1.795646490160145159e-01 1.426700600105989258e-01 1.284097050072279256e-01 4.978316499217450009e-02 1.801432590155843394e-01
1.439123990110313944e-01 1.307990630079357008e-01 4.894768149246594979e-02 1.773889220151477764e-01 1.429713835107249142e-01 1.302655045076132889e-01 4.885645299247443757e-02 1.768585935146798072e-01
1.422007890104129979e-01 1.324980865081152592e-01 4.815949299270515238e-02 1.767211325149932455e-01 1.424925050108216684e-01 1.334522930087487236e-01 4.798502199278119329e-02 1.764906790145193138e-01
1.414328785102167696e-01 1.353660480089237672e-01 4.693246249319967672e-02 1.766585530150479866e-01 1.414994645099263704e-01 1.355374365087838040e-01 4.696414849297811389e-02 1.756090085147716806e-01
1.397255445099974680e-01 1.378372555093940466e-01 4.665838799320057989e-02 1.737970065145938159e-01 1.402071070098453442e-01 1.383637290090508620e-01 4.646610199315071021e-02 1.769448675151271688e-01
1.399964345104068864e-01 1.406184395094585149e-01 4.529337849366055213e-02 1.731539685145942753e-01 1.402871360101483333e-01 1.407140970096276700e-01 4.569413849354665019e-02 1.742424075143071127e-01
1.413319115103639223e-01 1.423804690100692882e-01 4.469983199386171058e-02 1.708886270143315234e-01 1.421992520101444113e-01 1.424743360100452494e-01 4.441195899400233321e-02 1.716136135138308372e-01
1.405326400103698026e-01 1.442467965103053362e-01 4.365232249426131972e-02 1.698982725131882310e-01 1.422416165104411767e-01 1.457013575103094927e-01 4.367817349421827117e-02 1.700488210138290657e-01
1.387301820095644955e-01 1.494794410113319261e-01 4.319653199440270930e-02 1.691143950137265484e-01 1.403270370102524534e-01 1.483257335110253206e-01 4.303263299444504142e-02 1.677940465131804448e-01
1.383968265097016426e-01 1.521835925111340027e-01 4.235412349474448890e-02 1.675243720134058922e-01 1.406497355102432623e-01 1.515815815114676668e-01 4.263754299457150204e-02 1.646722255131256030e-01
1.389257205099913017e-01 1.555460725116844523e-01 4.184489599494906759e-02 1.653788920132159834e-01 1.384147720096634560e-01 1.536129130117193098e-01 4.202642249489560444e-02 1.642503115130788116e-01
1.375043485091824724e-01 1.571960290119392978e-01 4.123433099499892313e-02 1.634735505133648459e-01 1.383576575093680150e-01 1.568564810121145792e-01 4.118691749502816080e-02 1.641906850133510731e-01
1.399460865099002027e-01 1.601245355124371605e-01 4.048681199518362750e-02 1.600620870127332507e-01 1.396243735095505922e-01 1.594962715125567143e-01 4.006627249534086554e-02 1.601935615123162293e-01
1.387675950095726418e-01 1.628636465124243815e-01 4.002010299525177867e-02 1.590459015118013963e-01 1.385455440101024949e-01 1.631093865132871301e-01 3.972266749542641140e-02 1.579251560127968579e-01
1.375959930094920458e-01 1.651917335125621666e-01 3.941251799546136025e-02 1.570684945124884435e-01 1.386932055097618299e-01 1.652973170127103320e-01 3.934502749534401350e-02 1.573957110119936498e-01
1.390339240094900508e-01 1.689251805133078488e-01 3.865565999559283233e-02 1.522957275116230136e-01 1.382992180098195079e-01 1.695479455134542290e-01 3.884595349556647231e-02 1.543963910119225957e-01
1.398494795103087107e-01 1.715750900139061397e-01 3.810982999572572194e-02 1.516929475117276549e-01 1.393950290093960154e-01 1.701520295133765737e-01 3.829957149559308494e-02 1.509260230116239720e-01
1.371860105096860960e-01 1.739638420145773468e-01 3.757128349579587356e-02 1.494092215114827260e-01 1.379173235096007866e-01 1.746238135142841874e-01 3.792642949577307993e-02 1.514020760111187691e-01
1.374203020092558125e-01 1.776646865149924259e-01 3.718192799588283803e-02 1.467517650111426764e-01 1.394273060098460415e-01 1.776257070152091333e-01 3.733582149594535937e-02 1.465924840109616156e-01
1.389946640096940411e-01 1.816892105159860771e-01 3.666857549609330025e-02 1.437937085102687085e-01 1.380941840092729522e-01 1.792132065156739895e-01 3.651398999614659940e-02 1.450324610107738277e-01
1.393838430103271908e-01 1.835958695161152010e-01 3.631744999617757264e-02 1.408373185097043789e-01 1.382870125095804481e-01 1.835395045160163330e-01 3.602388449631272610e-02 1.420151175101915519e-01
1.262136930064882978e-01 1.230143515056188602e-01 1.245567345061014825e-01 1.252055120065335980e-01 1.253805555063787491e-01 1.250809440063506972e-01 1.255234680065764608e-01 1.250247415066900736e-01
1.644934270132609733e-01 8.797652099023657579e-02 1.034305739988782835e-01 2.810848435114351451e-01 1.710816910148119652e-01 8.730072349002279686e-02 3.580112849584856510e-02 6.883109148822738610e-02
1.617508260129817133e-01 8.998783849175739924e-02 1.005110134978132730e-01 2.832121540111879887e-01 1.701551700144155188e-01 8.876784749102206717e-02 3.555557499604949240e-02 7.005957548783173228e-02
1.622855245125343071e-01 9.100445999232489869e-02 9.909623849687050623e-02 2.858444605116467474e-01 1.667266280136439904e-01 8.909285749103933172e-02 3.496982299630130298e-02 7.098000798777284737e-02
1.610267615125879903e-01 9.189467899298729703e-02 9.708673399568056028e-02 2.872909335111613061e-01 1.625975010130103759e-01 9.167981549270315389e-02 3.523748549612532033e-02 7.318608998768665053e-02
1.595985850128329997e-01 9.232018749313737616e-02 9.484073049472731276e-02 2.874208780108858385e-01 1.640644630135788262e-01 9.234762399330695426e-02 3.470849299626293377e-02 7.469903898743029957e-02
1.579054785125457994e-01 9.326120799375368919e-02 9.359776699396549215e-02 2.874632260109784010e-01 1.636771525133739469e-01 9.413842499411223530e-02 3.427719049644142174e-02 7.567955248737796847e-02
1.587530315130017411e-01 9.632837749528888605e-02 9.100672849241234208e-02 2.893683195109155171e-01 1.596582090130858056e-01 9.410062449427654407e-02 3.415149999643370127e-02 7.663320948747133488e-02
1.567603985121734100e-01 9.630377799565216501e-02 8.799510499055754331e-02 2.919891685107939838e-01 1.597935825126227116e-01 9.594800699504094088e-02 3.368534599669444768e-02 7.752461448724376480e-02
1.561304580122097607e-01 9.886535749685015917e-02 8.676585798954827844e-02 2.893279625112423203e-01 1.581046455123324979e-01 9.799439199650848697e-02 3.368080349660671630e-02 7.913052298715388122e-02
1.579359485125557405e-01 9.965792499726579268e-02 8.526141898853800694e-02 2.872687180115090499e-01 1.560777285126773162e-01 1.000090579973994809e-01 3.361078599666765532e-02 8.017841698726038691e-02
1.525270270119677973e-01 1.005521339978617257e-01 8.297226798758428057e-02 2.897265460108445212e-01 1.577050350127583989e-01 1.011936469978749892e-01 3.322529699680795007e-02 8.209804598694765698e-02
1.539752790122048964e-01 1.022935594986488506e-01 8.156786998775500397e-02 2.891061140111186867e-01 1.553268340122410662e-01 1.022310734986880826e-01 3.265326049688779125e-02 8.284600948673087606e-02
1.514602730115148232e-01 1.019732324985821725e-01 7.900694848786593560e-02 2.927209955100668060e-01 1.525206205121794611e-01 1.044816764994570962e-01 3.268680999689984462e-02 8.514944348777243877e-02
1.491110960114484518e-01 1.061324940003166156e-01 7.820242048789569078e-02 2.883478050114594016e-01 1.523723425121928099e-01 1.071376980002594487e-01 3.230702749718189493e-02 8.638911648885401473e-02
1.494811440115711154e-01 1.065314080004057806e-01 7.605012698828110540e-02 2.879780075121119443e-01 1.515885885127322974e-01 1.081908530007309049e-01 3.226422399710131977e-02 8.791564799028500632e-02
1.496288985117572023e-01 1.084954440014918864e-01 7.359439348834143080e-02 2.858016530120827126e-01 1.505852375122272158e-01 1.100309330016511489e-01 3.222927349712347012e-02 8.963416699143800237e-02
1.484730010116048493e-01 1.097187635019653273e-01 7.238235698839519394e-02 2.848932585121951022e-01 1.494406625116285192e-01 1.115976575023358841e-01 3.190327149726719658e-02 9.159102849273154101e-02
1.485409835112069810e-01 1.125719910028633863e-01 7.124662598865393048e-02 2.824482365122864547e-01 1.473080375116936624e-01 1.145414970033857838e-01 3.174587349724111024e-02 9.159675499303841784e-02
1.514622340115377164e-01 1.122102930025687118e-01 6.915635748885042011e-02 2.791738130131564688e-01 1.470826480111346035e-01 1.160039070038915432e-01 3.116277149763985524e-02 9.374797599394416037e-02
1.471149630109847839e-01 1.167769045044367016e-01 6.795094698887223228e-02 2.764245430131364034e-01 1.461619220108967276e-01 1.186178410046884457e-01 3.111524399757365292e-02 9.583763549528478976e-02
1.485648110112179343e-01 1.153850615035992844e-01 6.591525098925457571e-02 2.752878915134727711e-01 1.464938535115219986e-01 1.199197120049633886e-01 3.093012499768965987e-02 9.750329449612604726e-02
1.476955570108867133e-01 1.184400690047789223e-01 6.520090198927697145e-02 2.705075770145989322e-01 1.446096445109324446e-01 1.233016170059248462e-01 3.088089199772837273e-02 9.936374149691976077e-02
1.457011710103985891e-01 1.202113970054055903e-01 6.345913648959990161e-02 2.696078970132952390e-01 1.455149150114252166e-01 1.237248565059972938e-01 3.081668749762051657e-02 1.009639394976222099e-01
1.458696860108756321e-01 1.211986510054553906e-01 6.231050548976211495e-02 2.680251765150590826e-01 1.405889520106874124e-01 1.285108625073656252e-01 3.048689949777091263e-02 1.030092669989266380e-01
1.451441100106307114e-01 1.242861840063632095e-01 6.077720748989567934e-02 2.636458005151820494e-01 1.429138185104054104e-01 1.297697315076724589e-01 3.005451149804109351e-02 1.034086364989770385e-01
1.460593145114437996e-01 1.246455585063891702e-01 5.940395949008189791e-02 2.586535830147969617e-01 1.415025675106444114e-01 1.328851030083794960e-01 3.004306499803068714e-02 1.068068490006207627e-01
1.444819165108503223e-01 1.279282465072021924e-01 5.892805949026622137e-02 2.540347125154877594e-01 1.405358415110815606e-01 1.353910780086073629e-01 2.979878049810973789e-02 1.089013650015852042e-01
1.440026015117720215e-01 1.289598470077256420e-01 5.682672799062106483e-02 2.523627260159141406e-01 1.395295360101343751e-01 1.381723915088375609e-01 2.984117599810428081e-02 1.103049940025528919e-01
1.449881475104786432e-01 1.313119530084875530e-01 5.633374349083260929e-02 2.472669975167609280e-01 1.403571115106845568e-01 1.399570250096371371e-01 2.945273349840071483e-02 1.103322885021606470e-01
1.456073290106754126e-01 1.317922165078186381e-01 5.441348199114900974e-02 2.426550355166511852e-01 1.402329835106501110e-01 1.432973750101921573e-01 2.928061049844024599e-02 1.127209680029559874e-01
1.448732425107950028e-01 1.355966315088290297e-01 5.385698499136483408e-02 2.378819215173597901e-01 1.398128270102441395e-01 1.460950735106426590e-01 2.890666149864696416e-02 1.129766575035716786e-01
1.408378035104964066e-01 1.384274990099061409e-01 5.302517749154070370e-02 2.340682615168075131e-01 1.375534495096126519e-01 1.503858695108076238e-01 2.897806649866570272e-02 1.167238730050348117e-01
1.427213710107831657e-01 1.402554795095150020e-01 5.203759449162950745e-02 2.279763200170034643e-01 1.377139905102274242e-01 1.537565295118164532e-01 2.872900349866036943e-02 1.168097115049790274e-01
1.446998145108856770e-01 1.414235900099064525e-01 5.096368399195157217e-02 2.223802845173033227e-01 1.372090840095476494e-01 1.556423980120967832e-01 2.833864999881547872e-02 1.193424950059291945e-01
1.458471980115387812e-01 1.436491780108310190e-01 4.977745249233471447e-02 2.167863010174576610e-01 1.357139125094218302e-01 1.599783870120920770e-01 2.846397349877373764e-02 1.197835975055239754e-01
1.421578405102182641e-01 1.450657090100324065e-01 4.892134499251903079e-02 2.148081115179260869e-01 1.368469080100851165e-01 1.625974885129079506e-01 2.817545799895379566e-02 1.214271395065275039e-01
1.428741285103689584e-01 1.467647625110385656e-01 4.809348849283611588e-02 2.090806180184253682e-01 1.359402690090516508e-01 1.661703200126777302e-01 2.808006999898197617e-02 1.229963435063260030e-01
1.442843345107425457e-01 1.499172450112753463e-01 4.730808299300529041e-02 2.015805135177838325e-01 1.363717970093642762e-01 1.695225790135457822e-01 2.805045449897679635e-02 1.229649935068310579e-01
1.440844545110158970e-01 1.502660205114793035e-01 4.647701099333311631e-02 1.985433855172927808e-01 1.361046545095069560e-01 1.728034250143468675e-01 2.756942649933181652e-02 1.241516225067813561e-01
1.452834135111112646e-01 1.538264410116655101e-01 4.535172799376835373e-02 1.920057880167286568e-01 1.339623700090950831e-01 1.755985460149089572e-01 2.729157699944437590e-02 1.266801365075345132e-01
1.424739620105133497e-01 1.558789490118888399e-01 4.486112049379562677e-02 1.900192515166588825e-01 1.364716875095202953e-01 1.780938420151066681e-01 2.735129799944416989e-02 1.248498895070903753e-01
1.433487490105670170e-01 1.586334660121362372e-01 4.396581999413089192e-02 1.855461015162071237e-01 1.338505085086511004e-01 1.817919470159202189e-01 2.709489799958852627e-02 1.257685100072405138e-01
1.431453195107832976e-01 1.595671490121368385e-01 4.368515999415833323e-02 1.765753720147047456e-01 1.335842845087796549e-01 1.884696520166318778e-01 2.700040849962414766e-02 1.279726545081708022e-01
1.433475030108035397e-01 1.609144695126082658e-01 4.295238149451842402e-02 1.739121445142432776e-01 1.327377620093201926e-01 1.906185730169801806e-01 2.691306849961916034e-02 1.286040980075226769e-01
1.450864020108386387e-01 1.622747050126080171e-01 4.168001899499147039e-02 1.678129730131309172e-01 1.318804485090137590e-01 1.933727735176384577e-01 2.667718699984115635e-02 1.312154920079824649e-01
1.440852125103810333e-01 1.639302255130549169e-01 4.142043699505658372e-02 1.619418795128529653e-01 1.318931120083306763e-01 2.013163650185009756e-01 2.631138699997029665e-02 1.291013815078901339e-01
1.437267765103450445e-01 1.658632240126402257e-01 4.062339399528754752e-02 1.585368605122134955e-01 1.334084005088713443e-01 2.016822310184446243e-01 2.638862199992259017e-02 1.297704915082426302e-01
1.473581060111611440e-01 1.675985160130112339e-01 4.028836449527428698e-02 1.536630180120369671e-01 1.313822210086766917e-01 2.047689800184729625e-01 2.590706650020802373e-02 1.290337280080408322e-01
1.437275460104960878e-01 1.441498750104229787e-01 1.509549370116769207e-01 1.508672645116594380e-01 1.074743435010386966e-01 1.737893020147621703e-01 2.314628550211944580e-02 1.058904465000714001e-01
1.458317745102080398e-01 1.450696035106563697e-01 1.447347500105628237e-01 1.455752990107450073e-01 1.098144385018947483e-01 1.788072440152315146e-01 2.329743350197772608e-02 1.068694570014018380e-01
1.000000000000000000e+00 1.000000000000000000e+00 1.000000000000000000e+00 1.000000000000000000e+00 1.000000000000000000e+00 1.000000000000000000e+00 1.000000000000000000e+00 1.000000000000000000e+00
1.663088380138001976e-01 9.071328399228686945e-02 1.012298954979507087e-01 2.830331440111278352e-01 1.690999930139169827e-01 8.707836298992478741e-02 3.550045099596240566e-02 6.703603148841832948e-02
1.650384730137605949e-01 9.187938199297314423e-02 9.918954549690219002e-02 2.879118760111778474e-01 1.665781875129793144e-01 8.700410498969853024e-02 3.468254399642594493e-02 6.771588698832750608e-02
1.627113115132728383e-01 9.400532799453280297e-02 9.744065149627538502e-02 2.848203070113906055e-01 1.660954360140906860e-01 8.908836149118988523e-02 3.519625349620229826e-02 7.064235098793764100e-02
1.630401915130010038e-01 9.397286449418038035e-02 9.536461499480798631e-02 2.879167025113690825e-01 1.640793590136050695e-01 8.987801449149059041e-02 3.473741349635227349e-02 7.101083948812493551e-02
1.632331290132510715e-01 9.525822799494187976e-02 9.325406199375674277e-02 2.885562785114340612e-01 1.623348695129437080e-01 9.081960599232602460e-02 3.420396499642548716e-02 7.233986198773163789e-02
1.598417040129019306e-01 9.675019099554803270e-02 9.149169199280239584e-02 2.927681775103349593e-01 1.598071930129249529e-01 9.252756649347189388e-02 3.406963899665797768e-02 7.274383698785229224e-02
1.580201615126183290e-01 9.749898099583456657e-02 8.962600599150168101e-02 2.931328575107339240e-01 1.601740085130113067e-01 9.399509299428439324e-02 3.366685249665877372e-02 7.388603998765841396e-02
1.598832105133532744e-01 9.973173899721567148e-02 8.731792599006496514e-02 2.905367435108569540e-01 1.578456605126100087e-01 9.479842099445943970e-02 3.383260449653531510e-02 7.605369498747650836e-02
1.577162775116601190e-01 1.012081849981921189e-01 8.574536098910572057e-02 2.922396375103307742e-01 1.575025275136447966e-01 9.548459699478659135e-02 3.346299449667343440e-02 7.664041998731187244e-02
1.546827615120430488e-01 1.011456844979228969e-01 8.357810298761030043e-02 2.955984895105870924e-01 1.559783220124499881e-01 9.745411149589272570e-02 3.326071399674511431e-02 7.830181398730731712e-02
1.560983595127726220e-01 1.029483884986636261e-01 8.242475848761739166e-02 2.923318060104728722e-01 1.536163570119100374e-01 1.000917084976666593e-01 3.268332399698870017e-02 7.980529798723201562e-02
1.554529845120868337e-01 1.054765325000932286e-01 7.994649848779485091e-02 2.899306570108080017e-01 1.529415680124390775e-01 1.026348069984281408e-01 3.260419899708996705e-02 8.101275348716641123e-02
1.545021830120947015e-01 1.063942055004278159e-01 7.854629398788290362e-02 2.903510745113216385e-01 1.515584110123111006e-01 1.033971759984108757e-01 3.228655549717218687e-02 8.296410048710405050e-02
1.538599590120436622e-01 1.068169560003610907e-01 7.586864148818521503e-02 2.893912780116182359e-01 1.526757035121428241e-01 1.042625054992659533e-01 3.208499599720609358e-02 8.503996048795550711e-02
1.523752820118985385e-01 1.092855335014578655e-01 7.457120698829042271e-02 2.886434490112384510e-01 1.522706180123658548e-01 1.062996350003050650e-01 3.206516699716623064e-02 8.448910848745251612e-02
1.532224260123206949e-01 1.112516855024136553e-01 7.311174398838098110e-02 2.856179285115768574e-01 1.481710005117866658e-01 1.088797650012381935e-01 3.186009599717145452e-02 8.788535449001308453e-02
1.521027865118275979e-01 1.125114695024277967e-01 7.202814148859032484e-02 2.847529410122581761e-01 1.480270465115794687e-01 1.114780965024956272e-01 3.162060349745952209e-02 8.747891498967552693e-02
1.495515320113515179e-01 1.141428190032772877e-01 6.950896698883285429e-02 2.844810380123116711e-01 1.480896905113202044e-01 1.125633605026484241e-01 3.148957399736148494e-02 9.017301899178242763e-02
1.488436240115299791e-01 1.177416430044960910e-01 6.841392698894131763e-02 2.769356945132838144e-01 1.469297745117290888e-01 1.159272750034486127e-01 3.115382799760147911e-02 9.405423399406007134e-02
1.485950795115371370e-01 1.179486825042866532e-01 6.707639398906803385e-02 2.771553350137226923e-01 1.469564510119017176e-01 1.169195890043110420e-01 3.079153399765425375e-02 9.455693499453415862e-02
1.491318165113209859e-01 1.197919875050885430e-01 6.546568198939158034e-02 2.741551415144375947e-01 1.457174755112801978e-01 1.188392245043943390e-01 3.114589649766583840e-02 9.575277599487014291e-02
1.509916040119944070e-01 1.210397685053692524e-01 6.396268448938957629e-02 2.727462790135266046e-01 1.443170955110054110e-01 1.199759740053430584e-01 3.033793999789766854e-02 9.662865449540442020e-02
1.478823880110863020e-01 1.225007195055576176e-01 6.271816048960676682e-02 2.709436915144279867e-01 1.434887315111080253e-01 1.224850115054935407e-01 3.039714349785483868e-02 9.958415399758151210e-02
1.468401070108177053e-01 1.252225650067375906e-01 6.151785048977000819e-02 2.654840660148225506e-01 1.430737575108194382e-01 1.264179175070251626e-01 3.037771349802204437e-02 1.010660229981198699e-01
1.470710650114800955e-01 1.286381150074084045e-01 6.047483949005093284e-02 2.640964510149905742e-01 1.400658785103618131e-01 1.285673020073774264e-01 2.997137049814854737e-02 1.011149784979482741e-01
1.471338455113453403e-01 1.285452815074633603e-01 5.879850099032322280e-02 2.599812680153197331e-01 1.409962030102868968e-01 1.309823795082706299e-01 2.968415849822219135e-02 1.038783629990718688e-01
1.479185670111672901e-01 1.304735045081580891e-01 5.784551699042202871e-02 2.547476990165062349e-01 1.407021400104526143e-01 1.329707950078652667e-01 2.956111699825980307e-02 1.057806605003903389e-01
1.487076470115444027e-01 1.338388185083015103e-01 5.684022249060566301e-02 2.516083455160182392e-01 1.372141625100740947e-01 1.358384340085516395e-01 2.965717049821378973e-02 1.062951995005751576e-01
1.473338725113933212e-01 1.352493730094194158e-01 5.516072099112238891e-02 2.465228200161025951e-01 1.396220105109181875e-01 1.383043505090394421e-01 2.902176899860697476e-02 1.087850835018437795e-01
1.458565585114152685e-01 1.378317690092736580e-01 5.428693199122294755e-02 2.413523735163247974e-01 1.390804610100893068e-01 1.417277205102045745e-01 2.910724149851489848e-02 1.107569440024915725e-01
1.475435200112882872e-01 1.409761450101291724e-01 5.326128249153621458e-02 2.350703820173965508e-01 1.378105775096124530e-01 1.452541400107463243e-01 2.911138449852680374e-02 1.109725685027507514e-01
1.472607380110771691e-01 1.433201760106823097e-01 5.187307699171794795e-02 2.357474110171852155e-01 1.353594705092472650e-01 1.465798355107398865e-01 2.849848249886927781e-02 1.113608095019895938e-01
1.467076360115754652e-01 1.429226235107479703e-01 5.101266399188570527e-02 2.273433425174130607e-01 1.370602185087397840e-01 1.510597985113456276e-01 2.851785649881320023e-02 1.153758605039204299e-01
1.459880925113128947e-01 1.452263715103937203e-01 5.047163449204041669e-02 2.222837520176804138e-01 1.371514980100637937e-01 1.517846350112486975e-01 2.824324749895266648e-02 1.188507690051244375e-01
1.471649385109295161e-01 1.484456400114909924e-01 4.953620649242593266e-02 2.172743300181352588e-01 1.357397685097751217e-01 1.566944085118036623e-01 2.824247549895781556e-02 1.169022325046149141e-01
1.456279515111189859e-01 1.509327220111684187e-01 4.897976399252752105e-02 2.129015160171492671e-01 1.365642145095674609e-01 1.599207575124164948e-01 2.790116849908198804e-02 1.171719060044996985e-01
1.469331070110433124e-01 1.511466920115736023e-01 4.787846599284208138e-02 2.064056335177827939e-01 1.352707930091357480e-01 1.641119665129237848e-01 2.793836799909265797e-02 1.203149740059035327e-01
1.479299950111414019e-01 1.540611810120783576e-01 4.693275999315695696e-02 2.022409780174078686e-01 1.349590695089926129e-01 1.665020400129450240e-01 2.741957549937181979e-02 1.199544010058095078e-01
1.450237870112154326e-01 1.564297990119610515e-01 4.613711149339292522e-02 1.975995815168687941e-01 1.348160715096383411e-01 1.703814585134348636e-01 2.761499099922964939e-02 1.219972000061873563e-01
1.465017420110012458e-01 1.568046635125977251e-01 4.504111549372804418e-02 1.933152220168000701e-01 1.341846660083794718e-01 1.730471225142553027e-01 2.723506299942454398e-02 1.238704055066384563e-01
1.469678810106070377e-01 1.610368165128118201e-01 4.441842449402911425e-02 1.862626965157186676e-01 1.346759830092472965e-01 1.765130335153076435e-01 2.708231799956711469e-02 1.230428470063586466e-01
1.491203585111916530e-01 1.629261115129830850e-01 4.387164099422239533e-02 1.830062205157342858e-01 1.311777785091280957e-01 1.788346305154694671e-01 2.701188399954888852e-02 1.240513755068273216e-01
1.491759405116199200e-01 1.664628395133309902e-01 4.300249549457939302e-02 1.758427120142725397e-01 1.322224995086626609e-01 1.831058510159215280e-01 2.681784799968943422e-02 1.233698140060286164e-01
1.497391305116445304e-01 1.649105360127079978e-01 4.220053799480522061e-02 1.734347375147739512e-01 1.324593720090234961e-01 1.867601220161656250e-01 2.631768700000419389e-02 1.241778770068659998e-01
1.472684770113024122e-01 1.700221245133852477e-01 4.150384499490413631e-02 1.667633405134967550e-01 1.326190300089002128e-01 1.906156310172439083e-01 2.634131799994424150e-02 1.248662340067470816e-01
1.468305735110325416e-01 1.696533810138009246e-01 4.089758549521304437e-02 1.629184650128356338e-01 1.334939235084775244e-01 1.931986075175808615e-01 2.600509700022555007e-02 1.270023670073475996e-01
1.443211495104665398e-01 1.436107365101058353e-01 1.610767545121811473e-01 1.583118335121393438e-01 1.063758170004718007e-01 1.627579110126827211e-01 2.305808550215945191e-02 1.004877124978084540e-01
1.454094830100747804e-01 1.469709220111977410e-01 1.541995210122927562e-01 1.543411790118249249e-01 1.069078215009521687e-01 1.663641450128788002e-01 2.304813850220977303e-02 1.027587899990029252e-01
1.478116490110377712e-01 1.480155525104037972e-01 1.478703790107255001e-01 1.481252295108813621e-01 1.080555630016295371e-01 1.723936680139993016e-01 2.309595950213716789e-02 1.046319994998320402e-01
1.000000000000000000e+00 1.000000000000000000e+00 1.000000000000000000e+00 1.000000000000000000e+00 1.000000000000000000e+00 1.000000000000000000e+00 1.000000000000000000e+00 1.000000000000000000e+00
1.000000000000000000e+00 1.000000000000000000e+00 1.000000000000000000e+00 1.000000000000000000e+00 1.000000000000000000e+00 1.000000000000000000e+00 1.000000000000000000e+00 1.000000000000000000e+00
1.679128995136611457e-01 9.235947549288656133e-02 9.970540349724554829e-02 2.889396210103983287e-01 1.667290920135804100e-01 8.496671398823341104e-02 3.463615099624425819e-02 6.475064348875129994e-02
1.683477835136810985e-01 9.420104449480498632e-02 9.748414299613183953e-02 2.880473135099642090e-01 1.649973075140294954e-01 8.576647348887013467e-02 3.443188249632867654e-02 6.672405198833801510e-02
1.643156380128832084e-01 9.614469999555859403e-02 9.620074399569181200e-02 2.900860315108275689e-01 1.634144835133609086e-01 8.744991349029036798e-02 3.418867699636549129e-02 6.819981248823442366e-02
1.635506590134968574e-01 9.633320999522497485e-02 9.302827049352793698e-02 2.931778230099197358e-01 1.621046765132110323e-01 8.838476649067722457e-02 3.430789349644548097e-02 6.911270098795287142e-02
1.637729260135004361e-01 9.762753849615306290e-02 9.166919199272034746e-02 2.917881465103059346e-01 1.599670875128890446e-01 9.010847449179945623e-02 3.400286149647767375e-02 7.106377348816515782e-02
1.620485380132172526e-01 9.845895999670578602e-02 8.982733199163135673e-02 2.937335240104413936e-01 1.596922520125855227e-01 9.113282849253234730e-02 3.398526749660402829e-02 7.112129798811010761e-02
1.601227525129971796e-01 9.922700799691838713e-02 8.763378999018710258e-02 2.953946995102487150e-01 1.584716305124599101e-01 9.211174199303362453e-02 3.331839599668565827e-02 7.371998148748400148e-02
1.615365255128261013e-01 1.007361284977272287e-01 8.559528898879983916e-02 2.927496295104352608e-01 1.589996455125817498e-01 9.424627899434609435e-02 3.301959849694077048e-02 7.311690448766422490e-02
1.573941330125231963e-01 1.023592604988148996e-01 8.363049798750726849e-02 2.964800605095356256e-01 1.561479070129776492e-01 9.497982499493455577e-02 3.327550699675013018e-02 7.573280898748903367e-02
1.601277325127782036e-01 1.055952280000206217e-01 8.233842398768001503e-02 2.921232775112962976e-01 1.538309535122374394e-01 9.706319299574329984e-02 3.271005549702887122e-02 7.621113598771998843e-02
1.561725160122584277e-01 1.058061685002808644e-01 8.048794448789274580e-02 2.942259830106989105e-01 1.541286495123430078e-01 9.799877549658295162e-02 3.270464999696388181e-02 7.847531298738774641e-02
1.575800610122223833e-01 1.073096320005885174e-01 7.822520498800888955e-02 2.933529130108391558e-01 1.523079605123399682e-01 1.002196304974829061e-01 3.243505149705095542e-02 7.856954648716790723e-02
1.572076585125111725e-01 1.102433300022484797e-01 7.745687398789188882e-02 2.910635320107117230e-01 1.496715850116414892e-01 1.014214024980154838e-01 3.216978199728821181e-02 8.076583598707005873e-02
1.552825330118043357e-01 1.104809575019086026e-01 7.543340948818355596e-02 2.896526190118658972e-01 1.503703780121116995e-01 1.044534019993833968e-01 3.206139149727101761e-02 8.226530948719312786e-02
1.552290380119951130e-01 1.113686945026448882e-01 7.423644648835127369e-02 2.894421235123096348e-01 1.492845630118304068e-01 1.048726134998328730e-01 3.149955049740083002e-02 8.406697048716704757e-02
1.561145370118231235e-01 1.145497140033178846e-01 7.192406548847010694e-02 2.858240760121465440e-01 1.478500240118523212e-01 1.070115975003891606e-01 3.139805149746141555e-02 8.532793448803244196e-02
1.549648095123781211e-01 1.161578100037960470e-01 7.004969148889783614e-02 2.858990625119969820e-01 1.465075525113326005e-01 1.083903685010408208e-01 3.131406949754007851e-02 8.671663598908940784e-02
1.531102285115588935e-01 1.183045170053083628e-01 6.886937098894566067e-02 2.846688635117533561e-01 1.448369315109975519e-01 1.105267755018678882e-01 3.099417499762752159e-02 8.868913799059398306e-02
1.549038460123483008e-01 1.196316460050344532e-01 6.787555698909938928e-02 2.793347520129627615e-01 1.438635285110727857e-01 1.127222480027054302e-01 3.064961949786621995e-02 9.101880299219064496e-02
1.527191825117042157e-01 1.201858705052178955e-01 6.545237548926008397e-02 2.782322815133945193e-01 1.461338220113469477e-01 1.145344100029536405e-01 3.044595299798555366e-02 9.229610499282278613e-02
1.535977330119208950e-01 1.229278500061514179e-01 6.417118798938850621e-02 2.751226225141725212e-01 1.432518545108300290e-01 1.173514620043006884e-01 3.053913849790963753e-02 9.303815149339814128e-02
1.528950570118153829e-01 1.242065835065857826e-01 6.287796398971882972e-02 2.700144670140979253e-01 1.456035155110249057e-01 1.206477540053774583e-01 3.034635149788148661e-02 9.340830749383099985e-02
1.528164545117872142e-01 1.266896265073836902e-01 6.173887598976166013e-02 2.659533425148533081e-01 1.422391440100008730e-01 1.229764545059985892e-01 2.998164499804733749e-02 9.760445699666642216e-02
1.515579800115004483e-01 1.290752225075907367e-01 6.058050499003349992e-02 2.643158465149865743e-01 1.418197535110080898e-01 1.242843745059139804e-01 2.963254899820386493e-02 9.873376899663795225e-02
1.515944845117774276e-01 1.306592435080443926e-01 5.919385999027044348e-02 2.614920900149838578e-01 1.398585190101016007e-01 1.263051775068702032e-01 2.994077149808199723e-02 1.009558539977299801e-01
1.506237545117271592e-01 1.328878610082100120e-01 5.802340749052622981e-02 2.583299730154725027e-01 1.396511415109416565e-01 1.291813450076260694e-01 2.952842749830372066e-02 1.017740899982819830e-01
1.502098875114883936e-01 1.332720030083676122e-01 5.686398849056999855e-02 2.556202115154623811e-01 1.394053255101484756e-01 1.317539370077366601e-01 2.934215399841637664e-02 1.035324929990559251e-01
1.508165780119837263e-01 1.378164620091096304e-01 5.571002549088940881e-02 2.485744925161101904e-01 1.386583105100661628e-01 1.342615070084866025e-01 2.914954799846341746e-02 1.050130764998095656e-01
1.499161280117009831e-01 1.403286125099716675e-01 5.485552199100746096e-02 2.453698525167410383e-01 1.389954275101057402e-01 1.359009025087146716e-01 2.883891249860649764e-02 1.057946425003697677e-01
1.505555675115465286e-01 1.419405305099912251e-01 5.355659399135549725e-02 2.412488845169888929e-01 1.365794425097033304e-01 1.393108760094400322e-01 2.887506349857856675e-02 1.079330415017127620e-01
1.486261035114784801e-01 1.436481980105963896e-01 5.241107199155834589e-02 2.366931390172507532e-01 1.361455885094371987e-01 1.427582635100924091e-01 2.865379949874458446e-02 1.110638360023129406e-01
1.499910875115366971e-01 1.450758255105461803e-01 5.169124499184719890e-02 2.315343975166992974e-01 1.366575270100893191e-01 1.459786590106482429e-01 2.879723399858679506e-02 1.102740245021593540e-01
1.488432070114243666e-01 1.500410460114719458e-01 5.084832049197522685e-02 2.267452140175155173e-01 1.348583465090854028e-01 1.475408060109470454e-01 2.825315099881961500e-02 1.128699090028775637e-01
1.499955825109377805e-01 1.503457785111874390e-01 5.016190349212235750e-02 2.192627610174012198e-01 1.372290780101556584e-01 1.510601150117536762e-01 2.810182399900568520e-02 1.138429575035449087e-01
1.514280545121863275e-01 1.522481525114536549e-01 4.919090249252788122e-02 2.143091200175974154e-01 1.358352620093257190e-01 1.550147415118160177e-01 2.796208149905536275e-02 1.140116855032502069e-01
1.495567670114070491e-01 1.558773665120596341e-01 4.820707649282439389e-02 2.098213135179702871e-01 1.353031735094486487e-01 1.577983445124884754e-01 2.759739399925494399e-02 1.158385645037717793e-01
1.499638110113943323e-01 1.566439640124682453e-01 4.719149599299413134e-02 2.048356420168843395e-01 1.353324975087608628e-01 1.620360430127139317e-01 2.769038349923547832e-02 1.163061630042168115e-01
1.489248205117451318e-01 1.609244995127533107e-01 4.638103499330797214e-02 2.045236060176514326e-01 1.335720780089035831e-01 1.624587075125968894e-01 2.730224349940962511e-02 1.159130100044392653e-01
1.508245635117464456e-01 1.620295525125985125e-01 4.552638599349783516e-02 1.957690835172184451e-01 1.329419940090377783e-01 1.684209940131034811e-01 2.730186349942215207e-02 1.171855630048532632e-01
1.506458490111668158e-01 1.624884540126831922e-01 4.477786049381997369e-02 1.913836025171072874e-01 1.327731055089213796e-01 1.713116730141503730e-01 2.720617299954241480e-02 1.194132825048282165e-01
1.494549745117892403e-01 1.646892955125290603e-01 4.384542599416244024e-02 1.852419465161695422e-01 1.351529245094526266e-01 1.740793595141689465e-01 2.702954149961101990e-02 1.205065320055490191e-01
1.512337275110132717e-01 1.675740400130877605e-01 4.328139299443428678e-02 1.826483000157313741e-01 1.304509615084234186e-01 1.764519595148531239e-01 2.666400199980907548e-02 1.216956165057582750e-01
1.490534060108840431e-01 1.703736085137379508e-01 4.253573549467711684e-02 1.752591130146851084e-01 1.321714030087727532e-01 1.820789090159946333e-01 2.665242949973505374e-02 1.218753955064510869e-01
1.500933715113445810e-01 1.707269815138915126e-01 4.198757149485215362e-02 1.703863935137026886e-01 1.337328400092917258e-01 1.847795355163846798e-01 2.650855399986064634e-02 1.217847525061239999e-01
1.438064855105869733e-01 1.421343280103319340e-01 1.668667515131943002e-01 1.677469600128302929e-01 1.069382585009391040e-01 1.532404895115402899e-01 2.327258150201134274e-02 9.599414549548600240e-02
1.450665080108138050e-01 1.459231130106306840e-01 1.598330920122186249e-01 1.606692180121620794e-01 1.078482880008179295e-01 1.586991600123101309e-01 2.333362800198671844e-02 9.862699299689983712e-02
1.484595975109608557e-01 1.493171725110500059e-01 1.551232140118995184e-01 1.551611930118450000e-01 1.086861315011626722e-01 1.610858655125812777e-01 2.325201750205141069e-02 9.891480849680518717e-02
