1.991432015273056910e-01 8.574333236238021461e-02 7.540208056852575058e-02 1.391266623366660682e-01 2.012773331260240828e-01 8.554049136270074072e-02 7.475565396917442651e-02 1.390112443374553475e-01
1.867612921291063321e-01 8.488152736360557449e-02 7.605689536843293630e-02 1.532604633347944001e-01 1.884221759293024934e-01 8.376372496444071947e-02 7.435393316987078116e-02 1.524999873343555745e-01
1.761406297314311309e-01 8.175298716504975083e-02 7.394118096947011054e-02 1.638951695340830350e-01 1.812220527308086304e-01 8.272302256404580334e-02 7.471703376951228937e-02 1.656079231345000957e-01
1.642316703349553930e-01 7.929559396630581070e-02 7.350691096983047457e-02 1.813554211293529339e-01 1.649469695352124843e-01 7.964809776631916194e-02 7.350220496981856033e-02 1.835131309287355017e-01
1.523571731351481551e-01 7.534334436798625911e-02 7.157254417147806969e-02 2.024965443249879538e-01 1.539490925362387019e-01 7.578407396802899765e-02 7.167381717134788111e-02 1.968234099252521296e-01
1.371431111358227539e-01 7.383702356839616510e-02 7.037946957260968195e-02 2.177358153243700023e-01 1.407928467356647229e-01 7.132423037067382732e-02 7.025056757253062001e-02 2.185369353225010969e-01
1.294518757383369412e-01 7.024217557238571219e-02 6.840437697452844690e-02 2.325162715232855504e-01 1.277226797395334401e-01 6.958615817244900859e-02 6.797248877480016604e-02 2.341039731225264819e-01
1.168264461411085420e-01 6.623230977598699998e-02 6.583200237672551247e-02 2.499938089218187720e-01 1.162978049418031817e-01 6.628943637478244832e-02 6.594479177676443316e-02 2.525833993233979058e-01
1.028963881463013097e-01 6.236015317846045625e-02 6.370188957940427221e-02 2.679914709264806794e-01 1.038904263456079391e-01 6.277461177925469649e-02 6.380843617865875061e-02 2.725766235261003478e-01
9.156923395466068372e-02 5.932983378222033560e-02 6.122184198188534987e-02 2.886812895283009661e-01 9.217085275305550440e-02 5.935038698232204812e-02 6.157519898108203271e-02 2.861013617286425892e-01
8.604769315881531655e-02 5.720505518635177200e-02 5.877072798570712880e-02 2.975424515290006067e-01 8.704591595686519967e-02 5.762572858506523343e-02 5.854226818543432909e-02 2.972201591299984402e-01
7.702580136392959964e-02 5.445479238878266764e-02 5.597544598863620630e-02 3.126031011319781450e-01 7.782137996430943394e-02 5.387831319035327887e-02 5.569796218953991518e-02 3.125432035333974845e-01
6.848774117017250584e-02 5.179817859381769668e-02 5.314097759339765636e-02 3.270440831339793131e-01 7.135687956749428573e-02 5.227415279326278613e-02 5.323865039399677118e-02 3.226593365334549102e-01
6.285376357528511815e-02 5.081850979530470186e-02 5.075177739751705192e-02 3.345277305379806276e-01 6.319961357266440372e-02 4.982202699668310253e-02 5.041093099836636143e-02 3.376156469387748271e-01
5.679609258193332039e-02 4.812728140018481676e-02 4.837331140274904462e-02 3.506011843527614413e-01 5.602011158344309683e-02 4.850155419942633189e-02 4.823019740306498659e-02 3.433502669440915422e-01
5.487181358649142332e-02 4.762227660141910707e-02 4.602948240785375428e-02 3.517856039535572354e-01 5.495308898571044792e-02 4.813407540033644294e-02 4.563527700869388082e-02 3.509683819531201343e-01
5.067049539492580329e-02 4.738784180158574916e-02 4.397392761269597328e-02 3.580578279601746572e-01 5.030531539356630083e-02 4.643056580439559183e-02 4.389040901304853970e-02 3.592836169630946319e-01
4.701336820000328459e-02 4.592357100557800664e-02 4.189507381824817550e-02 3.670470861662354367e-01 4.752414579835143038e-02 4.723214200274539892e-02 4.161826621826964639e-02 3.617463467635811947e-01
4.415580600609387424e-02 4.755303920222735820e-02 4.012739641791326223e-02 3.713415577704758386e-01 4.465810460533566756e-02 4.607958080507589677e-02 4.025096201786344113e-02 3.658335531673058139e-01
4.246404341063799576e-02 4.609768740595063252e-02 3.827193381715728732e-02 3.741963593744523919e-01 4.277103360941263144e-02 4.705310900307187877e-02 3.831490981724120642e-02 3.708309235709074114e-01
3.953844261176240465e-02 4.666504280456854059e-02 3.690836681674943692e-02 3.761491179753213565e-01 3.920873801169596357e-02 4.609928520498428328e-02 3.685460461670371501e-02 3.785764019751088338e-01
3.734155341162771063e-02 4.660893080382168957e-02 3.505362681599100833e-02 3.791816585744441914e-01 3.732145521157913259e-02 4.709920720328313049e-02 3.539053061610204776e-02 3.820030373787753342e-01
3.716067621160052542e-02 4.767640620152076986e-02 3.402599721562312579e-02 3.779609591756881715e-01 3.603589141155103676e-02 4.850277539981658753e-02 3.400809001559649408e-02 3.846292043801688987e-01
3.706786681143425799e-02 5.017579159828019358e-02 3.292787321515432825e-02 3.826428925818434190e-01 3.673360781138967912e-02 4.914952639961243930e-02 3.279249401508839423e-02 3.785099475780725475e-01
3.657677741146383305e-02 5.143751479535872001e-02 3.186981361466915269e-02 3.745851187720111719e-01 3.654420001139508517e-02 5.190010759442906935e-02 3.188306521466826443e-02 3.852034025812308693e-01
3.512580801125218116e-02 5.289217599210706278e-02 3.065084001403946962e-02 3.786062137767413072e-01 3.494950861131327496e-02 5.235439879324882417e-02 3.062822141409459603e-02 3.847928333791196254e-01
3.646255681141565702e-02 5.546062278888123920e-02 2.991460701380123030e-02 3.787937133752651286e-01 3.601000061142870662e-02 5.540154978903917560e-02 2.976504521370625100e-02 3.781919043780223033e-01
3.563917481145864596e-02 5.767964238517463843e-02 2.896003721335685399e-02 3.785469189771618059e-01 3.454075461134188674e-02 5.757354138569647367e-02 2.909761181337992830e-02 3.779623187755433711e-01
3.565779041130748978e-02 6.106150458098653921e-02 2.812254681287623334e-02 3.758746645742173653e-01 3.479638541136789026e-02 6.047819978182675943e-02 2.854218701309193043e-02 3.754667213736807008e-01
3.551824301147477742e-02 6.415688017772953888e-02 2.764466921261505769e-02 3.715838575731955640e-01 3.530065741143985358e-02 6.417859397802887222e-02 2.754036181256010532e-02 3.740767367711789193e-01
3.712362461160450405e-02 6.867145717248515635e-02 2.728471821241499479e-02 3.710980521716170100e-01 3.593509161147637881e-02 6.840146937241246838e-02 2.707075741227120066e-02 3.644148293653949322e-01
3.844141461191478981e-02 7.256339357011333535e-02 2.652902521205493733e-02 3.635878423657141756e-01 3.783069881167135107e-02 7.308024356948764066e-02 2.658579181206418077e-02 3.613815899627012551e-01
3.889373141188121052e-02 7.787165016587509203e-02 2.604259461180592761e-02 3.587317805598567166e-01 3.918370201201041431e-02 7.669516776742089925e-02 2.594236181173287248e-02 3.566390115577523501e-01
4.084283061225786604e-02 8.384452836352818128e-02 2.582128721159182572e-02 3.476357191497416732e-01 3.974770521217897007e-02 8.390091996294772592e-02 2.595597241173858843e-02 3.522510369547425246e-01
4.155744021244501402e-02 9.151057755660969850e-02 2.570353921153780558e-02 3.401018475438103983e-01 4.070339521252185760e-02 8.967008455805572376e-02 2.559883961146750334e-02 3.451542759477587152e-01
4.399232600762219281e-02 9.699047235298860481e-02 2.540489781140793657e-02 3.314955313375800294e-01 4.371743040745687536e-02 9.746779535195435051e-02 2.523089701130503196e-02 3.357006495396183676e-01
4.577882700304174851e-02 1.054271893490244805e-01 2.522597801131012951e-02 3.222007817352969261e-01 4.641070420183451839e-02 1.055689273482195156e-01 2.522002721127209607e-02 3.241675649366078105e-01
4.957230119596507667e-02 1.144694157462111117e-01 2.501399481111481887e-02 3.128794689339939317e-01 4.978262939462044928e-02 1.149836325457516545e-01 2.513509701121897921e-02 3.081634601320779598e-01
5.217077099004727853e-02 1.270149837425559036e-01 2.515415941125760668e-02 2.940544893300776064e-01 5.224339298943937032e-02 1.268526823419675043e-01 2.531343141132526633e-02 2.971960895313932594e-01
5.549693698698356797e-02 1.380270269408237771e-01 2.545174521137769444e-02 2.801090369276357239e-01 5.604516798548956485e-02 1.369901541405175727e-01 2.525692761124621183e-02 2.826230039298302521e-01
6.013859438010116243e-02 1.493435941397736888e-01 2.548063341147244892e-02 2.643019243269086327e-01 5.905071678098670201e-02 1.507909289391739238e-01 2.553119981143248118e-02 2.653624079259143120e-01
6.328535557633718778e-02 1.616394269391897842e-01 2.567784201155713306e-02 2.494965665253592590e-01 6.494390097562426079e-02 1.632595797384477909e-01 2.545188941138355060e-02 2.462454385252149380e-01
6.866407017097457544e-02 1.758871789358613658e-01 2.565588641159833108e-02 2.281772765249037715e-01 6.854945197154961589e-02 1.746207989359695734e-01 2.584798361167005634e-02 2.325973531249684589e-01
7.430059356668781978e-02 1.893484889325286469e-01 2.611839001183318548e-02 2.085693105270906567e-01 7.246610836809400102e-02 1.925562395318100584e-01 2.593762461175761966e-02 2.107032441264941047e-01
7.886725976488923040e-02 2.027136097310484886e-01 2.589709221173264186e-02 1.920916519286827717e-01 7.720368896500240385e-02 2.036000473301768920e-01 2.606590361180573592e-02 1.935607461279521824e-01
8.255841196265549520e-02 2.165265463287884828e-01 2.615554741189432889e-02 1.764865595341664484e-01 8.108084836358869785e-02 2.149554861285291885e-01 2.591040221182969866e-02 1.763261977319538487e-01
8.834431195825930005e-02 2.275111307283652906e-01 2.588719341179085073e-02 1.573655761353633664e-01 8.802286275811467553e-02 2.301083985291457190e-01 2.623504621199104422e-02 1.565254799357929383e-01
9.108156275442555461e-02 2.404357727280970192e-01 2.606952721197225084e-02 1.408709873389088485e-01 9.174669255569652127e-02 2.412276525287010143e-01 2.628267081212122547e-02 1.422851337378721048e-01
9.521848135356211773e-02 2.534436005291310079e-01 2.622384401204056956e-02 1.269253771398196895e-01 9.428454575370603941e-02 2.515520571286338214e-01 2.598819181190164390e-02 1.263639019416279430e-01
9.884753375088101146e-02 2.585960389304132190e-01 2.582365401190613377e-02 1.139273947438456808e-01 9.776050075077927226e-02 2.651361561287429724e-01 2.601114261199735656e-02 1.138975787447793209e-01
1.243677749448686143e-01 1.248839453444812314e-01 1.250823327448770672e-01 1.245952081437493308e-01 1.250751799437407330e-01 1.260051855445706581e-01 1.254523261439165205e-01 1.245380467444260203e-01
1.483277991335509582e-01 6.073231657981901371e-02 1.174121655478811838e-01 3.822541865996202937e-01 1.644685485325906860e-01 8.706027196068870377e-02 1.460176900532465620e-02 2.514294240767504102e-02
1.352029359337420800e-01 5.795877778360839644e-02 1.152436461494212028e-01 4.172185340248695806e-01 1.516770831336467784e-01 8.404030756395433621e-02 1.405215820506805317e-02 2.460655700743917540e-02
1.209794873389022363e-01 5.562129138630124425e-02 1.115363927509015612e-01 4.524463944401611593e-01 1.410331911336815680e-01 8.062998656492910421e-02 1.379269080500271014e-02 2.396056540728026124e-02
1.046276013430877394e-01 5.139953599413063512e-02 1.064911667530034078e-01 4.962834534545765841e-01 1.304511205356997106e-01 7.477744816854768606e-02 1.304936440477108897e-02 2.292030920687877088e-02
9.598835594947077721e-02 4.945727399625785004e-02 1.010957165541267605e-01 5.409911568664080850e-01 1.088766869438881207e-01 6.885267337240280616e-02 1.234466440450438310e-02 2.239347180664840939e-02
8.914642975411717074e-02 4.779009139943538043e-02 9.573913615641474473e-02 5.775729354630979584e-01 9.402562575044436100e-02 6.313102497814129799e-02 1.142547320415668657e-02 2.116928320634245408e-02
7.783446296165659473e-02 4.437066160749363747e-02 9.049497355969568502e-02 6.122060270632502244e-01 8.360835116056611338e-02 6.011709258129484257e-02 1.110735240399551849e-02 2.026107860612666456e-02
6.575233117441660335e-02 4.135471881347190654e-02 8.392579836540324523e-02 6.498683002646123974e-01 7.519932816427697675e-02 5.419838778869728868e-02 1.043490920381017102e-02 1.926622620595928870e-02
6.010180657805786614e-02 3.903732781339233626e-02 7.888790516697645472e-02 6.847867898508922524e-01 6.042721277563845028e-02 4.989641079496645593e-02 9.721534803625767052e-03 1.714101220563619965e-02
5.413641318504934519e-02 3.789030461313601383e-02 7.364139697091980075e-02 7.014328118433630355e-01 5.809352817960365678e-02 4.780690300013584748e-02 9.470906003488628946e-03 1.752773620566729779e-02
4.785183839580157972e-02 3.569531561285060189e-02 6.844670297461505348e-02 7.266494644316487950e-01 5.030406599386050281e-02 4.491059840583797730e-02 9.113547803372328351e-03 1.702846640547702947e-02
4.597294480047445925e-02 3.552613801297901941e-02 6.434567537865708287e-02 7.413812416246928771e-01 4.537860700142255788e-02 4.245313541271577423e-02 8.727935003267415018e-03 1.621432280533545434e-02
4.001808721101855065e-02 3.377115501282534904e-02 6.018618918343492802e-02 7.575424246121214011e-01 4.281731760917645291e-02 4.158575521422678417e-02 8.639016403193066837e-03 1.544005480528690133e-02
3.766951341102180856e-02 3.350031701292085357e-02 5.626502738910067747e-02 7.724643644052597846e-01 3.657865041030880504e-02 3.998016201400734354e-02 8.429542203129218245e-03 1.511242320542170205e-02
3.461542201069452152e-02 3.338411281311997464e-02 5.283171459399480657e-02 7.805820750009005993e-01 3.573838001028624423e-02 3.911796961418642637e-02 8.246282603039972736e-03 1.548404340533098521e-02
3.242146741037620072e-02 3.361083101317453858e-02 5.015429859923049155e-02 7.914362273971292661e-01 3.037356061003032917e-02 3.888047721415551633e-02 8.127021803001165459e-03 1.499611600518118738e-02
3.175856821039303030e-02 3.306811141328253045e-02 4.726955420490568799e-02 7.958865371946184375e-01 2.962405540984957425e-02 3.884825001439241171e-02 8.089394202974768688e-03 1.545552940534284520e-02
2.966730021016110094e-02 3.310754961352527920e-02 4.445891321196070861e-02 8.021071373916449643e-01 2.885753300931054310e-02 3.825248521444900296e-02 7.986139602916096994e-03 1.556294180524992951e-02
2.800170260976141828e-02 3.326286441351820888e-02 4.206040081795563851e-02 8.063473703895762679e-01 2.793641940959417855e-02 3.853218201483891298e-02 7.946530202900720791e-03 1.591253020543159993e-02
2.820381380988143394e-02 3.427457521408572988e-02 4.034174561772307238e-02 8.083066743870198634e-01 2.559673200921824820e-02 3.925501881516847702e-02 7.883741602891574871e-03 1.613769860559528466e-02
2.738285940958110065e-02 3.529963381435465009e-02 3.833001521713768484e-02 8.101056627885506733e-01 2.511648020905722298e-02 3.991284301532301709e-02 7.916384002915596851e-03 1.593612160564899377e-02
2.670835660963182326e-02 3.650793741484893024e-02 3.673294621646377989e-02 8.090725363896132949e-01 2.586906080893959861e-02 4.189168941595451667e-02 7.885092602924349131e-03 1.533238060557361865e-02
2.652789400941295631e-02 3.765098601510521309e-02 3.540334841599567656e-02 8.084802769892653895e-01 2.433910640887398599e-02 4.280023081363130283e-02 7.903204402913551960e-03 1.689495300612245052e-02
2.745770180956864231e-02 3.896985501566001958e-02 3.409389361543958136e-02 8.003390717969128820e-01 2.492567980899463784e-02 4.583543420630471765e-02 8.096427003000556191e-03 2.028193680628324544e-02
2.655618820949276135e-02 4.053490101618733438e-02 3.281072061493024716e-02 8.008759309941215765e-01 2.372609040885658924e-02 4.724865220259140408e-02 8.038301002988501240e-03 2.020921560658224189e-02
2.678201200964351950e-02 4.198134381646648899e-02 3.181106701456723473e-02 7.968267667954450628e-01 2.381222960877816056e-02 4.929451439918230288e-02 8.057786402935926753e-03 2.143428000656179971e-02
2.724233520952388035e-02 4.470249060910567312e-02 3.112646461419543709e-02 7.878870340032145814e-01 2.359548400888973954e-02 5.316779119222223710e-02 8.231677603026982259e-03 2.404672280675513793e-02
2.783490700963188111e-02 4.751563460352757617e-02 3.025255281375294203e-02 7.811217146056060878e-01 2.388068140886101531e-02 5.639913498755014243e-02 8.258308603080596541e-03 2.473706600733146035e-02
2.842360301002357093e-02 5.075266359629906909e-02 2.993112641363702628e-02 7.645153042152182943e-01 2.494633620909551125e-02 6.198257237939300279e-02 8.585463203222338038e-03 3.086293100775933454e-02
3.059081561020292328e-02 5.352751479344960983e-02 2.876487901298150837e-02 7.577786596195508206e-01 2.452723160909772368e-02 6.611443797662693023e-02 8.595010403202690136e-03 3.010145100743313179e-02
3.223169501065838854e-02 5.886401758331428341e-02 2.885307181299767015e-02 7.352112964307281340e-01 2.547773660937949214e-02 7.348140476846191926e-02 8.974996003370334235e-03 3.690578180809327147e-02
3.324965761073437470e-02 6.281435577822570837e-02 2.834507861282166419e-02 7.181663374400191202e-01 2.677767720950119737e-02 7.908456416391458632e-02 9.155901603423617641e-03 4.240642760648410947e-02
3.431992721122359424e-02 6.833869297280881216e-02 2.827106841282338301e-02 6.997944566496138163e-01 2.736402900980957828e-02 8.729813975967645745e-02 9.411111203525803631e-03 4.520257479915228832e-02
3.816661901140284280e-02 7.542127956681736467e-02 2.807221041259867766e-02 6.681583346631768672e-01 2.678869020945725404e-02 9.736638335259799326e-02 9.902619403658238437e-03 5.612386338295403954e-02
4.026010581206686950e-02 8.153283996370960796e-02 2.806549061260159988e-02 6.361634128647039033e-01 2.935782760998680366e-02 1.091490953455220153e-01 1.038766780383460625e-02 6.508355997027540085e-02
4.345179200779593354e-02 8.591415375926154951e-02 2.819713701265202932e-02 6.054940090630904770e-01 2.978925121016557861e-02 1.238203305403621363e-01 1.095405980411181049e-02 7.237926656451608431e-02
4.889901099657861794e-02 9.715204675169746007e-02 2.847031681278405779e-02 5.746380238596857648e-01 3.132107301074079503e-02 1.366763061386351008e-01 1.118149700419803112e-02 7.166172536542583793e-02
5.157485519042825234e-02 1.045299311483240817e-01 2.852980561282228780e-02 5.283256470523940429e-01 3.377180361083704369e-02 1.541836925367124911e-01 1.183446380449227481e-02 8.724980095535568581e-02
5.552136898537591431e-02 1.131709745437465275e-01 2.908898001307570758e-02 4.859793992399489282e-01 3.605379141157755152e-02 1.726906579360454053e-01 1.244750540476178766e-02 9.504732235215031244e-02
6.162529637992051473e-02 1.242095637423701049e-01 2.953001401337830914e-02 4.387641254255713608e-01 3.944158421171542472e-02 1.925208885297379768e-01 1.299856540498730076e-02 1.009099621463712265e-01
6.879583736967438690e-02 1.348231827392107340e-01 3.003683761366229138e-02 3.873876657918010058e-01 4.306041920971246523e-02 2.163960519251622305e-01 1.368290360534945259e-02 1.058171015488055533e-01
7.342357316619087249e-02 1.438247733367534476e-01 3.043588101399060872e-02 3.425600613492503221e-01 4.386129540723533032e-02 2.397811841254777476e-01 1.424285920564817912e-02 1.118703721428478820e-01
7.816397076340746153e-02 1.525562869372406316e-01 3.070433281412564275e-02 3.118713865345182912e-01 4.677677640174841833e-02 2.618584331261545328e-01 1.463309700577961232e-02 1.034357161467904102e-01
8.591845975820384951e-02 1.644234073360234250e-01 3.084745401429778849e-02 2.695703803267640586e-01 4.881084819688164683e-02 2.826543485278553147e-01 1.505836420594766460e-02 1.027167373460611266e-01
9.237976495263799936e-02 1.726404551332374748e-01 3.097680621446143381e-02 2.328858595217027094e-01 5.250342859018866659e-02 3.042406325315726856e-01 1.551204800619781880e-02 9.886100475114049935e-02
9.504683655312606838e-02 1.813119073309434615e-01 3.099717321456619407e-02 2.037338737273073075e-01 5.587606898382287135e-02 3.242175365333472836e-01 1.597698500642075539e-02 9.283961835199230905e-02
1.015167139477122366e-01 1.947909049276811966e-01 3.121057761474031397e-02 1.779495449320530609e-01 5.450633598845735367e-02 3.380173415366989897e-01 1.596849500642789216e-02 8.604008575960242489e-02
1.059015241484741188e-01 1.941775445266206157e-01 3.071184441456843717e-02 1.496430319358474093e-01 5.973231177859406049e-02 3.632545921557246982e-01 1.651330060667412225e-02 8.006585016426844004e-02
1.530405661383907601e-01 1.531197905388238245e-01 1.810437979343607340e-01 1.810489513336786260e-01 3.755011881192998197e-02 2.426318303273260479e-01 1.179071620455835433e-02 3.977422841202326448e-02
1.634045175386775461e-01 1.632864157387252935e-01 1.629743957389029885e-01 1.604720903396444631e-01 3.865568381245248347e-02 2.603900197268758099e-01 1.209624260471746718e-02 3.872063421248191778e-02
1.000000000000000000e+00 1.000000000000000000e+00 1.000000000000000000e+00 1.000000000000000000e+00 1.000000000000000000e+00 1.000000000000000000e+00 1.000000000000000000e+00 1.000000000000000000e+00
1.359309287355399964e-01 5.984796078100438482e-02 1.132319713503789904e-01 4.178647330282473371e-01 1.573407871325223917e-01 7.911470936582380709e-02 1.393535260503087937e-02 2.273355680715639579e-02
1.301749607370806805e-01 5.825630598356325990e-02 1.104451015506964368e-01 4.510707968449559901e-01 1.388743819344445962e-01 7.562288216887767811e-02 1.325964980479436145e-02 2.229592080682980815e-02
1.173736405395170712e-01 5.510948238696148499e-02 1.062118231518956041e-01 4.898321946562044227e-01 1.254782811383653440e-01 7.214560777060545493e-02 1.264155620461387269e-02 2.120741400650388159e-02
1.056946381445438982e-01 5.231336039083306355e-02 1.009351531545364805e-01 5.336178864609278927e-01 1.089173739442274025e-01 6.618851717528266565e-02 1.176909420426903996e-02 2.056397640631223156e-02
9.427088975066336141e-02 4.940559119590724746e-02 9.526077215719815083e-02 5.725927900682805660e-01 9.683080035245218709e-02 6.069241058040884124e-02 1.121234500409955433e-02 1.973440080614216607e-02
8.495948115963404546e-02 4.529176440472507809e-02 8.926158516061490078e-02 6.080733368664273941e-01 8.535292715684622555e-02 5.734653238414057219e-02 1.082038680393224497e-02 1.889398600591908964e-02
7.207297896566072781e-02 4.339576240980539540e-02 8.433034916370499290e-02 6.451158208639422575e-01 7.464285376561501095e-02 5.280611139066248433e-02 1.022819480375756346e-02 1.740792860561098110e-02
6.453386917215837848e-02 4.019267281332310204e-02 7.837031796772352121e-02 6.749905224574811458e-01 6.645479697033083999e-02 4.869409379764176593e-02 9.760388003580264607e-03 1.700333880561047742e-02
5.813473218154151245e-02 3.891118661332814560e-02 7.374128137028111707e-02 7.020304486448586401e-01 5.655597138380914074e-02 4.544992120497103744e-02 9.238126803400657783e-03 1.593833180525641019e-02
5.321657758652522524e-02 3.730939441311673099e-02 6.940866957362208656e-02 7.186361722369317695e-01 5.315232758640563160e-02 4.392306820833214581e-02 9.068092603365723522e-03 1.528569780518836303e-02
4.562149540239929246e-02 3.616965121321330523e-02 6.486830557815106979e-02 7.406093146187029408e-01 4.706912999974417755e-02 4.153697681394004360e-02 8.816552603264905114e-03 1.530857380533448033e-02
4.254762760991882831e-02 3.428455461291272238e-02 5.952806878495665172e-02 7.623307258081674087e-01 3.976815341060672276e-02 3.879056601356823536e-02 8.455213003116430343e-03 1.429509080509496453e-02
3.797859761086117003e-02 3.367837601296924666e-02 5.648380218847464523e-02 7.739021608029930110e-01 3.709905621044735230e-02 3.823453701365121110e-02 8.401815803080914247e-03 1.422165440482868991e-02
3.723021721084864011e-02 3.363102401311739154e-02 5.251132419496373077e-02 7.828408428000899200e-01 3.351013961038422362e-02 3.771280361381249696e-02 8.225990203073125021e-03 1.433765840533293527e-02
3.458105641047922590e-02 3.369774601324048574e-02 4.992323759931996396e-02 7.925674289937567618e-01 3.110894000998611422e-02 3.642932961363996164e-02 8.027325602954476363e-03 1.366493580502120726e-02
3.231108481029522361e-02 3.362949541337362930e-02 4.708850060539664789e-02 8.000823083896172472e-01 2.875067780970738673e-02 3.654764701381999631e-02 7.961550202919236499e-03 1.362873580487623977e-02
3.095872201022592529e-02 3.349182301360873609e-02 4.411581041211184995e-02 8.055373209861375061e-01 2.890269500944607495e-02 3.592524121385964192e-02 7.807273802870180052e-03 1.326111360504130150e-02
2.946532721015010861e-02 3.372123901376298388e-02 4.187110021820363709e-02 8.109733123839654167e-01 2.615602300942510353e-02 3.617289781408247751e-02 7.790592002815417000e-03 1.384950840512036430e-02
2.855158160983161525e-02 3.515045081430417245e-02 3.993715581758085220e-02 8.103549909875458201e-01 2.649218640934260932e-02 3.690648201444070992e-02 7.812760402835686874e-03 1.479439200514651338e-02
2.842360760988090276e-02 3.561919921447893878e-02 3.834299521716065529e-02 8.108716091894344613e-01 2.624570720926059503e-02 3.790798661483377879e-02 7.752564602833899969e-03 1.483633040547754564e-02
2.708013360970367225e-02 3.636820261490340822e-02 3.680709361668960816e-02 8.132917367876529857e-01 2.420740140911379831e-02 3.891373001532470038e-02 7.779914802853672186e-03 1.555178720542065018e-02
2.678282920946565768e-02 3.802675461534887891e-02 3.529228501595717271e-02 8.119320851878143452e-01 2.412053460879473588e-02 4.023627201562760686e-02 7.813107402859609946e-03 1.579613200546774870e-02
2.674513760937119802e-02 3.910047641566365834e-02 3.410536721548589750e-02 8.101752299887142739e-01 2.387380960899892351e-02 4.151189121602925913e-02 7.812417602879751649e-03 1.667567040589286453e-02
2.766407820983982774e-02 4.158771601633712983e-02 3.270561941489716351e-02 8.052087993908945140e-01 2.339640340868597013e-02 4.394761621137076302e-02 7.879597802898624659e-03 1.761016960640486920e-02
2.707084780979210348e-02 4.366553221221177589e-02 3.194368581456604600e-02 8.015475983940897331e-01 2.253480520852422717e-02 4.619059760599392161e-02 7.969115002952303906e-03 1.907781800649817339e-02
2.814066820990660661e-02 4.545007920735021772e-02 3.095373961414151290e-02 7.931120033980346706e-01 2.399190020892537356e-02 4.912914499892739872e-02 8.084954602979586499e-03 2.113750980665122722e-02
2.838270500999211243e-02 4.907936679957867337e-02 3.033999601388795778e-02 7.879345302037650267e-01 2.312278860836460698e-02 5.163804479546594411e-02 8.091965402977924909e-03 2.141060320671816369e-02
2.991185541003536091e-02 5.148707179571907627e-02 2.917552281323540150e-02 7.789985014061046042e-01 2.428723580920475605e-02 5.528793698986208399e-02 8.198866803036849657e-03 2.265300900727346481e-02
2.926892121013123169e-02 5.457172679016279726e-02 2.864515741300829171e-02 7.698476140129628664e-01 2.351867100887118991e-02 5.913547898320541119e-02 8.352347403063854411e-03 2.666008320695223421e-02
3.053801641033669981e-02 5.810291738499986924e-02 2.847052221286702420e-02 7.557964526187191945e-01 2.424918380881333629e-02 6.509244657598271810e-02 8.560124403174830879e-03 2.919033660743418704e-02
3.343877801089187307e-02 6.454010317586336698e-02 2.822811421271361268e-02 7.352112576298669433e-01 2.462796040916555643e-02 7.038479157027238697e-02 8.770768403296479512e-03 3.479822660770168219e-02
3.630135341135470178e-02 6.858715117334196476e-02 2.769976381242179875e-02 7.164305854423221875e-01 2.630864900959269462e-02 7.807301256497932440e-02 9.066269003365524937e-03 3.753321560806838209e-02
3.888611501151805622e-02 7.577583516778131634e-02 2.777557321239400301e-02 6.941621654534642083e-01 2.610561640949437059e-02 8.624345555973017552e-02 9.260112003435076039e-03 4.179112720821836352e-02
4.086032521198026957e-02 8.235834496197728949e-02 2.767446581230125283e-02 6.641422838623907143e-01 2.752457961023006133e-02 9.474573255410372041e-02 9.710787203615681845e-03 5.298348078672721062e-02
4.583061260224613465e-02 9.072636115595350548e-02 2.763145241233999280e-02 6.367375036609911332e-01 2.791656280942281590e-02 1.068803943461549971e-01 1.008071260376253164e-02 5.419640038405417609e-02
4.885246319538100873e-02 9.858496935163657549e-02 2.787691201242801717e-02 6.035915526608922610e-01 3.000986781026762293e-02 1.183198111441180894e-01 1.044426000387274796e-02 6.232016377507083177e-02
5.317183918858283537e-02 1.104719053450408245e-01 2.862035481280043175e-02 5.565242514555041042e-01 3.246759181096474378e-02 1.341238505392584046e-01 1.099199580413921448e-02 7.362821096364968732e-02
5.840842398165842220e-02 1.197717761422356780e-01 2.876168741289413661e-02 5.150175574550607260e-01 3.389026681086151210e-02 1.501736315376195341e-01 1.164665420441889261e-02 8.233000236054013876e-02
6.360901337531434108e-02 1.297461075395758001e-01 2.908640561307700850e-02 4.751966450424677246e-01 3.508760381132824957e-02 1.671726379374568472e-01 1.215144380462737997e-02 8.795014275849030727e-02
7.073131536955162835e-02 1.410487525384838958e-01 2.931745741327910354e-02 4.326367846191828126e-01 3.847591061166688586e-02 1.869471035314987928e-01 1.260658680483131913e-02 8.823608895358359128e-02
7.469605156676867308e-02 1.527895351377366595e-01 3.010534521375739930e-02 3.857145483948030140e-01 3.994272801222437802e-02 2.095091313260989130e-01 1.324367120517102973e-02 9.399898895217230488e-02
8.270315736281171060e-02 1.678033843365928091e-01 3.039585461386038606e-02 3.430248107470085239e-01 4.179879461223669213e-02 2.267229887262603716e-01 1.360794660533715117e-02 9.394306275338809575e-02
8.942144255627615390e-02 1.776246801326070990e-01 3.074273781413362425e-02 3.014360087302052071e-01 4.528379480478624680e-02 2.494775483264317084e-01 1.412403000557033508e-02 9.188975735515643450e-02
9.888552774986317240e-02 1.907187901298501298e-01 3.104912121446923648e-02 2.612720951260173452e-01 4.775864879861754092e-02 2.679687619267137610e-01 1.441227240573433703e-02 8.793478235585944214e-02
1.052292897458103060e-01 1.990900843270083931e-01 3.102606081445597255e-02 2.267418365237519051e-01 4.793113619815177195e-02 2.875926771284036954e-01 1.486531480590991272e-02 8.752360015902908852e-02
1.104885777445048234e-01 2.089693757248232975e-01 3.110293361460125458e-02 1.959663189284816254e-01 5.152696939093226458e-02 3.075587767314978960e-01 1.516047520606226065e-02 7.922657236280720994e-02
1.509493375395006831e-01 1.521970609397122476e-01 2.114296661298090685e-01 2.122450695277254273e-01 3.065690501085048189e-02 1.938188421315690801e-01 1.082674100408264131e-02 3.787637741090947585e-02
1.602106171383728406e-01 1.581765525392912208e-01 1.907885415308515076e-01 1.916285107312074298e-01 3.407578201150775199e-02 2.146154947284143466e-01 1.126591160430033198e-02 3.923858941140291601e-02
1.704608229379584172e-01 1.718402517366295623e-01 1.724110773377060812e-01 1.700207147374273864e-01 3.509056801176211465e-02 2.305707645268424144e-01 1.143000720440525558e-02 3.817579321156545219e-02
1.000000000000000000e+00 1.000000000000000000e+00 1.000000000000000000e+00 1.000000000000000000e+00 1.000000000000000000e+00 1.000000000000000000e+00 1.000000000000000000e+00 1.000000000000000000e+00
1.000000000000000000e+00 1.000000000000000000e+00 1.000000000000000000e+00 1.000000000000000000e+00 1.000000000000000000e+00 1.000000000000000000e+00 1.000000000000000000e+00 1.000000000000000000e+00
1.383809155324448037e-01 5.963820938039492842e-02 1.076683465510352017e-01 4.421405782362611836e-01 1.447249511321339610e-01 7.335342716885147329e-02 1.304292400480117943e-02 2.105064780665899180e-02
1.248581729375306953e-01 5.824796878358723395e-02 1.058072157526746410e-01 4.934044190592183354e-01 1.189273353388230620e-01 6.716348277509896769e-02 1.219381360444957152e-02 1.939759160619479450e-02
1.121226317398531375e-01 5.357225558978866847e-02 9.977701735477846612e-02 5.328960998601282029e-01 1.080774457415367845e-01 6.331270817632214665e-02 1.166275060421722090e-02 1.857909080594398465e-02
9.840761154705374159e-02 5.099126839274380207e-02 9.428366955748476719e-02 5.737644198626223879e-01 9.656502894989606178e-02 5.799525358323315977e-02 1.089793520403660627e-02 1.709481280573937195e-02
8.860751075477951710e-02 4.775245580038747079e-02 8.915124016063226409e-02 6.098833704633968011e-01 8.297851655864572906e-02 5.411341178810084168e-02 1.043855560386367995e-02 1.707493880572312842e-02
7.578760916357241140e-02 4.415523860821264635e-02 8.348408076488134100e-02 6.478871616651877829e-01 7.238146396711876707e-02 5.005148859580151738e-02 9.941998803685177938e-03 1.631095840541387301e-02
6.862392577067102928e-02 4.286978021091834845e-02 7.929906056711963358e-02 6.735257854615358530e-01 6.462058717209767655e-02 4.606482900354404164e-02 9.427739203475931501e-03 1.556829260533234768e-02
5.953002737785859089e-02 4.002814161348938748e-02 7.418250196964519538e-02 6.986274394427157697e-01 5.872745718252245922e-02 4.428970920763881242e-02 9.349763203473446943e-03 1.526496000529393993e-02
5.257338598975973276e-02 3.870318681366122227e-02 6.951032097298645573e-02 7.246875210281247259e-01 4.988143979463240812e-02 4.124911921359588479e-02 8.957204403358386482e-03 1.443782180509660916e-02
5.182524819038451802e-02 3.718282721331043345e-02 6.391436457904853263e-02 7.398101280223092768e-01 4.546600780303559908e-02 3.929781961343259411e-02 8.618115203214423564e-03 1.388548940494699346e-02
4.538896700265731415e-02 3.558392401325938953e-02 6.003197858339349990e-02 7.598906480105185324e-01 3.979134601086291301e-02 3.757416241320699762e-02 8.402631403078434161e-03 1.333634260482716161e-02
4.042537361080542069e-02 3.486124641305821115e-02 5.592865018946859001e-02 7.732498568051699994e-01 3.810285521043745016e-02 3.574993181311765522e-02 8.229440803049253156e-03 1.345264520508843674e-02
3.686678401069509725e-02 3.390567061298709051e-02 5.319239139296538105e-02 7.842596567974221555e-01 3.502969961020611228e-02 3.552067621308924866e-02 8.114058202974941056e-03 1.311106320494039891e-02
3.559617061057514242e-02 3.372896401321004434e-02 4.937619120085131458e-02 7.935150983930848723e-01 3.227070601010870177e-02 3.437606621313277905e-02 7.981968202924323921e-03 1.315483540477389857e-02
3.339443881057478636e-02 3.436329181346526457e-02 4.684575980551047153e-02 8.008105657905095764e-01 2.961364780956740606e-02 3.411182241332127996e-02 7.912978402918661308e-03 1.294749520497303144e-02
3.234274301037849686e-02 3.393174141354281248e-02 4.436970181166174226e-02 8.061962001866538330e-01 2.828774080933153107e-02 3.443047341349490115e-02 7.780728002827604246e-03 1.266067140480195939e-02
3.132819901041320604e-02 3.467792101394117504e-02 4.242655101671279072e-02 8.084577793841600801e-01 2.739883760947817853e-02 3.501174281381213421e-02 7.786970802878668760e-03 1.291199840480844289e-02
3.011391201019557665e-02 3.516492401422612740e-02 3.992985461752911885e-02 8.123033241863586440e-01 2.608591240890655027e-02 3.508378161374191978e-02 7.724631802808068319e-03 1.359365940509252996e-02
2.835837620966543543e-02 3.536742821439464723e-02 3.785074841683989944e-02 8.168104143837721098e-01 2.476323500884429138e-02 3.580083021413500016e-02 7.723976202805312059e-03 1.332499140496161590e-02
2.820722660964374018e-02 3.658248981484446549e-02 3.667987881658567317e-02 8.159846115842548375e-01 2.490273820909735814e-02 3.673590541445433122e-02 7.650232002766137011e-03 1.325691760493397098e-02
2.635287600953262199e-02 3.788323561530762551e-02 3.507216461584803519e-02 8.170463109845476080e-01 2.465253520892255953e-02 3.762844761495840601e-02 7.716495002815605686e-03 1.364793500493692927e-02
2.753838460954961820e-02 3.909171461558153676e-02 3.384359621547760461e-02 8.139626083864198725e-01 2.380619840877743962e-02 3.926054781562691304e-02 7.748115802856033255e-03 1.474883420567599419e-02
2.722451520982297618e-02 4.111822481635409726e-02 3.272635161490757005e-02 8.127105067855880938e-01 2.202126540831615339e-02 4.078866461587769138e-02 7.738079402812462343e-03 1.567239220558779011e-02
2.872896440991202366e-02 4.330386161243115345e-02 3.145602921438586663e-02 8.071554075905382764e-01 2.226858420846726180e-02 4.273653201390063133e-02 7.799630202853562178e-03 1.655099080582430118e-02
2.744522000967134640e-02 4.596141700609296388e-02 3.068087101400996178e-02 8.022344159941591224e-01 2.417311200890720491e-02 4.501488920837819901e-02 7.828458802892734880e-03 1.666161600628006736e-02
2.616252260974623323e-02 4.783694900160611468e-02 3.005972581372556157e-02 8.011743165939225753e-01 2.284433320862789066e-02 4.699387820375382913e-02 7.789422202848075849e-03 1.713885240619477876e-02
3.080539361042422195e-02 5.127443479555124362e-02 2.899392341320883998e-02 7.859603882060595126e-01 2.360505140857027673e-02 5.052007479693829822e-02 8.010272802937477496e-03 2.083046100676521142e-02
3.088891121021790018e-02 5.473559299014373741e-02 2.841689761286262522e-02 7.791337758081308129e-01 2.322763640864214732e-02 5.437926699102724887e-02 8.099048402961902746e-03 2.111887060672754460e-02
3.239605521048154885e-02 5.960882518212420184e-02 2.818916241274318710e-02 7.628050914163692076e-01 2.417387840867749396e-02 5.952144358284987280e-02 8.263504603053486997e-03 2.504203920715022263e-02
3.546698621095809717e-02 6.491413257586915730e-02 2.801944261260887192e-02 7.462597272257948111e-01 2.429144000891990049e-02 6.393136197735613258e-02 8.458622403157915748e-03 2.865828700732123493e-02
3.646141381107424750e-02 6.882480517362253580e-02 2.745315061231805645e-02 7.363309272310784026e-01 2.446514500904255207e-02 6.810745217510277838e-02 8.550845403186053614e-03 2.980626060757603571e-02
3.822315241117121842e-02 7.669805256624361023e-02 2.745546221231648376e-02 7.138247060396331056e-01 2.514501600941482923e-02 7.601143556648398691e-02 8.826998403308012817e-03 3.381517680791439745e-02
4.228254261077066256e-02 8.507581215986974310e-02 2.761795061238080801e-02 6.848868616536295528e-01 2.464113720917192676e-02 8.624378915901158293e-02 9.292163603464635019e-03 3.995974300817349556e-02
4.424914040505115859e-02 9.201278855552004476e-02 2.734802661216961805e-02 6.585214812615963753e-01 2.617793380932672415e-02 9.484706995364679261e-02 9.615128403626252776e-03 4.722843099355680807e-02
5.056394639331707880e-02 1.027341009494391055e-01 2.755665641228676604e-02 6.228720530619400453e-01 2.795958200964558313e-02 1.047542113486450710e-01 1.002327000377079350e-02 5.353617978640361902e-02
5.391385698818813854e-02 1.125693845444035862e-01 2.799373641248351433e-02 5.895753340594815928e-01 2.799632420992955589e-02 1.170175833442895913e-01 1.031355440381523034e-02 6.062022597769267662e-02
6.126391797709839632e-02 1.245060953424542566e-01 2.864567021278393785e-02 5.404059024539612510e-01 3.080614521060575164e-02 1.343199919403933462e-01 1.100504460410291034e-02 6.904723216812150288e-02
6.669977957236290778e-02 1.389203849389524237e-01 2.881876941286626304e-02 5.051795454481172731e-01 3.312808301079894074e-02 1.462994601374390247e-01 1.129122500423895663e-02 6.966275236542669724e-02
7.439186396694331960e-02 1.493931725381160425e-01 2.917784381316512049e-02 4.618196338372740906e-01 3.456187021132880316e-02 1.618787721361694409e-01 1.170056700446666514e-02 7.707627636260819259e-02
8.034231716354917063e-02 1.652457565351828639e-01 2.957361981342140206e-02 4.172339408131723881e-01 3.625496981146264508e-02 1.798772881331575646e-01 1.221324600463101658e-02 7.925886156334505106e-02
9.137615855209872684e-02 1.785741635317372455e-01 3.019290781372653207e-02 3.582749017680117443e-01 3.968691321180767978e-02 2.030005705286392903e-01 1.284191000497192543e-02 8.605247436045540543e-02
9.499424055148404655e-02 1.932124659281609924e-01 3.071237321409147833e-02 3.261256901385515827e-01 4.113616901247606206e-02 2.188080333256142151e-01 1.325637880516249492e-02 8.175464876240827461e-02
1.062162821456315437e-01 2.098528879250100287e-01 3.081163001422210918e-02 2.817877697296019002e-01 4.253295321088541164e-02 2.346903403264252730e-01 1.346896860522050869e-02 8.063916776193080782e-02
1.126907561438262595e-01 2.153672913249607412e-01 3.067981181426106957e-02 2.446901169252613528e-01 4.460786960662781880e-02 2.547758853264686096e-01 1.389253020545280944e-02 8.329573835864992337e-02
1.444457909404321394e-01 1.454940961395471966e-01 2.441684767270822509e-01 2.459900261284455047e-01 2.731279680978223115e-02 1.515768891406547025e-01 9.746272203623937425e-03 3.126565161003405646e-02
1.584568067387637225e-01 1.558182447396614656e-01 2.226944707292183578e-01 2.207287965282461462e-01 2.919414461026656124e-02 1.696288997373214813e-01 1.020852900384063011e-02 3.327010761033307590e-02
1.688048125383112830e-01 1.686463217384745195e-01 2.004344841307978686e-01 2.002952115306788627e-01 3.110618581046957834e-02 1.851242583326056235e-01 1.051816420396531858e-02 3.507056141086405121e-02
