1.717811085345122279e-01 9.056223975975591367e-02 9.002293215942336335e-02 1.474847677374983845e-01 1.695733359355247050e-01 9.055022515895307100e-02 8.895505055982824705e-02 1.510703397367815226e-01
1.650175555359946200e-01 9.168607835768285974e-02 8.919362556059375058e-02 1.526437975375178335e-01 1.695156731348318735e-01 9.035385055846534286e-02 8.772972276061027919e-02 1.538596961367731109e-01
1.634246627360391724e-01 9.248297715799659591e-02 8.693025336104784340e-02 1.559809161365086350e-01 1.632120253375049235e-01 9.242772655719476427e-02 8.657802536187593490e-02 1.589634129353300618e-01
1.586763447373179536e-01 9.181875075821248344e-02 8.565972596291628050e-02 1.653538977348576744e-01 1.594045341369385027e-01 9.257228355770868999e-02 8.597699056172367071e-02 1.605374721359975609e-01
1.568176681362106195e-01 9.348974655587832805e-02 8.405961276319418030e-02 1.642867723373573341e-01 1.559990395365012383e-01 9.310380655693877017e-02 8.431073896375414212e-02 1.679326147361325239e-01
1.552697587362686649e-01 9.363446595663160732e-02 8.250241416437864572e-02 1.692874625353153750e-01 1.541268709372205503e-01 9.392059975690245088e-02 8.203087796469754611e-02 1.692275495350312742e-01
1.511339805375537804e-01 9.504252335607331348e-02 8.166171536575822509e-02 1.731559517340085230e-01 1.495157291369728914e-01 9.462394095623512247e-02 8.146086156510891352e-02 1.734052969332368632e-01
1.475101273372820265e-01 9.477266815608280381e-02 7.951441676650186641e-02 1.789552189317309416e-01 1.450640301367565888e-01 9.472007515550262546e-02 8.009527216563418206e-02 1.793681909314390199e-01
1.435337927375140710e-01 9.530517655578844838e-02 7.760406616689539960e-02 1.810003257316721292e-01 1.441717591384612529e-01 9.549581995533078238e-02 7.790752856700706996e-02 1.849815307298469103e-01
1.385752721376998231e-01 9.692334835475366339e-02 7.654348096852628403e-02 1.876629267305703896e-01 1.397407087369589573e-01 9.683392235464692577e-02 7.678198696791187217e-02 1.869383533302961531e-01
1.361269705393255147e-01 9.701390115459092300e-02 7.464889216928390081e-02 1.899341839271281307e-01 1.373211847370658656e-01 9.749294075438000307e-02 7.517370856917197919e-02 1.922882177292532524e-01
1.354604351388475625e-01 9.673983515484740892e-02 7.308152937073174316e-02 1.958633715273210840e-01 1.330057433385277432e-01 9.755402195457933689e-02 7.333966417064462229e-02 1.949553989273141996e-01
1.327734619389327742e-01 9.864060795396517589e-02 7.230180837143571071e-02 1.941248985279090400e-01 1.326674385393364075e-01 9.990816875266160524e-02 7.148685957205187791e-02 1.980967559271499534e-01
1.286983299392793767e-01 1.004387751535018303e-01 6.951551077413566093e-02 2.005445549265328364e-01 1.299941919393409195e-01 9.961377915350805301e-02 7.004667677295892125e-02 2.011481809257726350e-01
1.273644011394499675e-01 1.025543069519439937e-01 6.893444137409721062e-02 2.017506581263016907e-01 1.275142453406458432e-01 1.015301329520193058e-01 6.870820917447374720e-02 2.016436045263282628e-01
1.278482873395860031e-01 1.022203687527957761e-01 6.738349217557972060e-02 2.040947007263500257e-01 1.259550823398493113e-01 1.004841807516804186e-01 6.700661157593172657e-02 2.050072759270140932e-01
1.237767837412097893e-01 1.033745667514091859e-01 6.523179597770735472e-02 2.094379971260056927e-01 1.231311555402616054e-01 1.033223177512249680e-01 6.603240017681882845e-02 2.056929825260267741e-01
1.204536919403447204e-01 1.046954771508465526e-01 6.466055537850151635e-02 2.075249231252332127e-01 1.226024475416482434e-01 1.054822377517047466e-01 6.449061117889340333e-02 2.100900555255618418e-01
1.180806517424518864e-01 1.060519435496086599e-01 6.297417497981827594e-02 2.101975695254160725e-01 1.191776875421714371e-01 1.079411541491868409e-01 6.358509777909703009e-02 2.119917203258394056e-01
1.184737799432590971e-01 1.058432363497144868e-01 6.157192238156366376e-02 2.102348453257839034e-01 1.179849151426291681e-01 1.094750011483063418e-01 6.146557538203050591e-02 2.149507239244982659e-01
1.181649889415981314e-01 1.104445539481464372e-01 6.035959658314096060e-02 2.132711395249741460e-01 1.172003897421528551e-01 1.106187211486887589e-01 6.005431678306523413e-02 2.098862929256660736e-01
1.147799981435519701e-01 1.122859791470077889e-01 5.862362098502921226e-02 2.148617763259074165e-01 1.148524021430981784e-01 1.115591573485523458e-01 5.891912438495056775e-02 2.141179411251421250e-01
1.125018097436082110e-01 1.145084463463848651e-01 5.770916398649195145e-02 2.149053195256907245e-01 1.143105623440496821e-01 1.143967283468570600e-01 5.762846258689631462e-02 2.140395067265084272e-01
1.123157939448485854e-01 1.165614825458595738e-01 5.664281518905329299e-02 2.159671725255581376e-01 1.101306721444626352e-01 1.148173023470502319e-01 5.615935458944926878e-02 2.174054063247026214e-01
1.105594473459611815e-01 1.202026417455890062e-01 5.530877819010301261e-02 2.152873597251344917e-01 1.126019295446247237e-01 1.185224253458549287e-01 5.535780678937264609e-02 2.121596109246110251e-01
1.096542569463333366e-01 1.220812411458227775e-01 5.416212039227102232e-02 2.135210401240601463e-01 1.117181439445446289e-01 1.221495055447971989e-01 5.422798359193176099e-02 2.124857079248956560e-01
1.091237457452432086e-01 1.246019079455118472e-01 5.330427139367339279e-02 2.118270633244863088e-01 1.103525633456414329e-01 1.248154121440407244e-01 5.323006499370139255e-02 2.127449707246852617e-01
1.089945945456423648e-01 1.279429115438064091e-01 5.186419819607983317e-02 2.123498507255488221e-01 1.091594537459359276e-01 1.279508485438285159e-01 5.223640979536889328e-02 2.095017325261648022e-01
1.081915829461666256e-01 1.304968589434098714e-01 5.125441399712871854e-02 2.088933347260137630e-01 1.094649565458374885e-01 1.304545801437287378e-01 5.146122359706491872e-02 2.097830487251592935e-01
1.089018035453969552e-01 1.344585709425630271e-01 5.023615519922988715e-02 2.055287457261037454e-01 1.098025995446842706e-01 1.344462945433902989e-01 5.005469039933337083e-02 2.065711397258259696e-01
1.093389039441314409e-01 1.365525987423397147e-01 4.931128600060395717e-02 2.034375929267892291e-01 1.101029193452301574e-01 1.383400967429008477e-01 4.951897060054939043e-02 2.033976313277217618e-01
1.078244223464257107e-01 1.406961991427927994e-01 4.851044700219363237e-02 2.043809101256966188e-01 1.093401127456894023e-01 1.414659689427390510e-01 4.822890860295924592e-02 1.995530307276127124e-01
1.068005695467841437e-01 1.457963991417885463e-01 4.759295180461343977e-02 2.014178405272196160e-01 1.038269085483285586e-01 1.456788399418970648e-01 4.731362340493293350e-02 2.015728667268445462e-01
1.073228445482198867e-01 1.489233157418663189e-01 4.709534180550451615e-02 1.985517865263610460e-01 1.048882427479206902e-01 1.494432727407958850e-01 4.660566440658645004e-02 1.971695311280146357e-01
1.081460289462675278e-01 1.546037593413957523e-01 4.645862740699895771e-02 1.900822109296927964e-01 1.094008127465827818e-01 1.542690023418437917e-01 4.649072740688459104e-02 1.905488305284996076e-01
1.069157497466570322e-01 1.560259027408590071e-01 4.551412220927254088e-02 1.912314257299590203e-01 1.081659663465117521e-01 1.569870623408304300e-01 4.523283141007808372e-02 1.899269391302347287e-01
1.081048077464473040e-01 1.617730193411815731e-01 4.448707821172857846e-02 1.821875115317271587e-01 1.090096663449787590e-01 1.625074543417120987e-01 4.508811541053025368e-02 1.868423467294073881e-01
1.088573139463010625e-01 1.657452143410304835e-01 4.389353681346618713e-02 1.827977783313872728e-01 1.083296925460223159e-01 1.651427519413089240e-01 4.382227961350490530e-02 1.814114321317854273e-01
1.104213023449530512e-01 1.725692363393701856e-01 4.358135501410054929e-02 1.752847629337928315e-01 1.087731687454106116e-01 1.729041743388988472e-01 4.369736321407619722e-02 1.727686367359057007e-01
1.105207269457442465e-01 1.779879105377712156e-01 4.314925481530951235e-02 1.683705567361064304e-01 1.106344437454644947e-01 1.770138955380635426e-01 4.259295741707470190e-02 1.697302539356609352e-01
1.087191707466354379e-01 1.789265877370315172e-01 4.220009761794490943e-02 1.694943951350935951e-01 1.100908481472095274e-01 1.815164617373891676e-01 4.246693821722275636e-02 1.665855003360474096e-01
1.103161401459169938e-01 1.871777955351112410e-01 4.162144981871929161e-02 1.606928863370339911e-01 1.111636719448688276e-01 1.866275893348897652e-01 4.202854021843662607e-02 1.603719263385328941e-01
1.100805717442575465e-01 1.934667155344829415e-01 4.122834881850773875e-02 1.571635975384970685e-01 1.112680831445087837e-01 1.887816125345572749e-01 4.107377981841450060e-02 1.569372905370941818e-01
1.130690071443127415e-01 1.945981821335277806e-01 4.021516641821815813e-02 1.524879425380163689e-01 1.120731841446760552e-01 1.964800607331557980e-01 4.043827801815374351e-02 1.506381785389668271e-01
1.126983651445863238e-01 1.990112497342485520e-01 4.036112021837006542e-02 1.464837127379029769e-01 1.132314879447912231e-01 2.024521339324944214e-01 4.024604021818968536e-02 1.455158897364568771e-01
1.116913785456553482e-01 2.074787659326701172e-01 3.991052201815674383e-02 1.431780371372593508e-01 1.120035839450366916e-01 2.041689069325874628e-01 3.955872421795544880e-02 1.420100809387743190e-01
1.132727731450309111e-01 2.109591593307663382e-01 3.912719581784333822e-02 1.371533071394296643e-01 1.118761861464007551e-01 2.108931183320716385e-01 3.922468481786745703e-02 1.374935749389411543e-01
1.123210045453556238e-01 2.156566853314455245e-01 3.897818721780260676e-02 1.305604365405906575e-01 1.144585523441293273e-01 2.167369063311428701e-01 3.884947181782784364e-02 1.324387555406894845e-01
1.177380247445330708e-01 2.204027395307664450e-01 3.830550921761471939e-02 1.251052053419035581e-01 1.157948333441105870e-01 2.176346085314577739e-01 3.839589601758026244e-02 1.266231829405902454e-01
1.159781213443366599e-01 2.253973051299582031e-01 3.788459861752021401e-02 1.212547399424863670e-01 1.137058677438565341e-01 2.238049347313575133e-01 3.806873801753578312e-02 1.239056941415691421e-01
1.240628399444566876e-01 1.232280675447162549e-01 1.255719171437639503e-01 1.260230313442938788e-01 1.246433735436274920e-01 1.252066301445070029e-01 1.251618019442711505e-01 1.261023379439467074e-01
1.410225447353748163e-01 7.790566236552280699e-02 1.248224029462307316e-01 3.369150259363423161e-01 1.491872503340416489e-01 9.732119675598673025e-02 2.766954701105003855e-02 4.515636960634784869e-02
1.414315309360847928e-01 7.985869116519954403e-02 1.227392649471207159e-01 3.455301707478701245e-01 1.402036035341253928e-01 9.733083855387308914e-02 2.728950841085771989e-02 4.561639140468990578e-02
1.337367705371245441e-01 7.856035276654581290e-02 1.181751383480102169e-01 3.569733457571556690e-01 1.427228893322561032e-01 9.728755235388940326e-02 2.693378201085266238e-02 4.561016860440869625e-02
1.345488411368321313e-01 8.057056856493224894e-02 1.166141577484334779e-01 3.617452765648417889e-01 1.350077217353781722e-01 9.841591195342995479e-02 2.660160061068231330e-02 4.649592140304418392e-02
1.324567135356531367e-01 8.112512496424138797e-02 1.121566701493815765e-01 3.679703923668233290e-01 1.339443729366253388e-01 9.966079135310192127e-02 2.660054601062339374e-02 4.608538840418561350e-02
1.303842665369214782e-01 8.091832696399872682e-02 1.098204993504435373e-01 3.789796765751783370e-01 1.273315639382229247e-01 9.968783575273124087e-02 2.603159201051301330e-02 4.684623860216038244e-02
1.300029519376921794e-01 8.226021036369048078e-02 1.077891017510919230e-01 3.815842145780313222e-01 1.224453777396730669e-01 1.015647543519978963e-01 2.599494861043947364e-02 4.835844039984859427e-02
1.253961579375419966e-01 8.250692356313206466e-02 1.040342347525855943e-01 3.902109253861489324e-01 1.225607117400139140e-01 1.015040787516302973e-01 2.556702701032593714e-02 4.821994059975440866e-02
1.200056517401408562e-01 8.311120516244668854e-02 1.017054775534566857e-01 3.968173133876621850e-01 1.201582457395419246e-01 1.035092379502255133e-01 2.557324021036028877e-02 4.911962799721076439e-02
1.210655247397657425e-01 8.517728796201917696e-02 9.766129095544841265e-02 3.990963831912875404e-01 1.177989937401524995e-01 1.036200309513625878e-01 2.515248241010585931e-02 5.042800579512871084e-02
1.190551905412512990e-01 8.462230076200015494e-02 9.549098415705470355e-02 4.054493933942752149e-01 1.134611091418062656e-01 1.063586055504285172e-01 2.518327141017548398e-02 5.037914479514668531e-02
1.162177061410790274e-01 8.519894476137909733e-02 9.368464335757754891e-02 4.061184213927726550e-01 1.125434387436644729e-01 1.087604483481188072e-01 2.520946821017026884e-02 5.226692878913250656e-02
1.139884959416487126e-01 8.674929376005612036e-02 9.046826015969823553e-02 4.139171214001852173e-01 1.103974481439191635e-01 1.079540763487992494e-01 2.496237701012103682e-02 5.156292699203560148e-02
1.119139695440359433e-01 8.825860955968864441e-02 8.776887156169531357e-02 4.177163574003229796e-01 1.065651111425932746e-01 1.093386313483712680e-01 2.484003821002043338e-02 5.359841098933271208e-02
1.129672025430196458e-01 8.858918755905248466e-02 8.458541216425280451e-02 4.135981970005273012e-01 1.078720329429359720e-01 1.120451105476270859e-01 2.505394041012994066e-02 5.528891658715699015e-02
1.087737553442290755e-01 9.103079535717611970e-02 8.344903236468542707e-02 4.181258533988402304e-01 1.038108343446416948e-01 1.132897429478267326e-01 2.451620480986401937e-02 5.700378118468642230e-02
1.091931627431105972e-01 9.263808415511844141e-02 8.133070036554952698e-02 4.126446297970213783e-01 1.041019475464596000e-01 1.170442035463832436e-01 2.453913520989645797e-02 5.850813638351190504e-02
1.090757797430836756e-01 9.434726135441426353e-02 7.888852436742090080e-02 4.121000081985554675e-01 1.007479635477513680e-01 1.210381345446123608e-01 2.482651161007998902e-02 5.897581638148299138e-02
1.071188503446456192e-01 9.571647795397801584e-02 7.679431576811010518e-02 4.133317477959543296e-01 1.002615587474030290e-01 1.222201429438973530e-01 2.424477900981405337e-02 6.031212718002867262e-02
1.088666313447875927e-01 9.783490055198937330e-02 7.482276636916919410e-02 4.064749717961090858e-01 9.973800595019444160e-02 1.254318113440949234e-01 2.477545181005576247e-02 6.205546057915060920e-02
1.066658883473043384e-01 1.010977669522057643e-01 7.278788237141307904e-02 4.068867643947849944e-01 9.707366774867490222e-02 1.277432775439442392e-01 2.447623801004010849e-02 6.326851437641574372e-02
1.080790459451033136e-01 1.029364887500609504e-01 7.129200717186588709e-02 4.024978979899693221e-01 9.608386654958844808e-02 1.308680953434353256e-01 2.425615500985787640e-02 6.398644297646090273e-02
1.070223949466415359e-01 1.055710247492327725e-01 6.917396557387038569e-02 3.917774293835118438e-01 9.625615554939806473e-02 1.358331579425820224e-01 2.463990741006294796e-02 6.972596416967906385e-02
1.050901965467589683e-01 1.064216241472168978e-01 6.728352397593688472e-02 3.920535721817226538e-01 9.612227035063068692e-02 1.399723971413885104e-01 2.467627721009777245e-02 6.838013817053111010e-02
1.075173563448766079e-01 1.118515205462583678e-01 6.654622677680742393e-02 3.822453385773573742e-01 9.360480155245512468e-02 1.434888653425292204e-01 2.461642781003174282e-02 7.012946276945694613e-02
1.056613703444283792e-01 1.134618089453678369e-01 6.527477257800731736e-02 3.724454871679276358e-01 9.271171575404707488e-02 1.509045857415449998e-01 2.492130481019660948e-02 7.461895436629524536e-02
1.070366859452984293e-01 1.165429679449807993e-01 6.396969657952164545e-02 3.620585403612603392e-01 9.642279534950889963e-02 1.538316949409871126e-01 2.505800341029130324e-02 7.507961516463852736e-02
1.063518429480677790e-01 1.200553343437227027e-01 6.261759078037824888e-02 3.550757861528148762e-01 9.278932395319629267e-02 1.606343359400764226e-01 2.509948601031436466e-02 7.737629956342929882e-02
1.081902417460504778e-01 1.220863593432923722e-01 6.089689618317439823e-02 3.466043301457554238e-01 9.118918855433337523e-02 1.655653421411430182e-01 2.511498141034784748e-02 8.035266016153379265e-02
1.099024597449274609e-01 1.262279247420788064e-01 5.950124178414271242e-02 3.360999045336673374e-01 9.097967795522182710e-02 1.699805051400636868e-01 2.500593781036086760e-02 8.230234796186645940e-02
1.080256465445899594e-01 1.300134949414276653e-01 5.819768338634983412e-02 3.260938719313176137e-01 9.236028615507800577e-02 1.769620947380030895e-01 2.539063001051029139e-02 8.295629196119055915e-02
1.093089737449339655e-01 1.314539965406602284e-01 5.712977858754228477e-02 3.137568561293420100e-01 9.470809595293844252e-02 1.820938777368401318e-01 2.543644561059107620e-02 8.611197535790532376e-02
1.101436967442814829e-01 1.372368761405476645e-01 5.681468758819780557e-02 3.023380875277107416e-01 9.037830495366984407e-02 1.910558097348479811e-01 2.543362921060599718e-02 8.659890775827294718e-02
1.125607765444668895e-01 1.384484701402457496e-01 5.538771099008809456e-02 2.890209919255717352e-01 9.377283975188874243e-02 1.961812125336152013e-01 2.531216381060239287e-02 8.931583395712609785e-02
1.097137319468791949e-01 1.425708337391786151e-01 5.443151719162217517e-02 2.814201657241047760e-01 9.140940175319714478e-02 2.036781401327158458e-01 2.568309661072217323e-02 9.109311255565684384e-02
1.116508117457710447e-01 1.484545451383702253e-01 5.374825579294285893e-02 2.727320661238982757e-01 8.849684075741322264e-02 2.074641979316575180e-01 2.564855441077266984e-02 9.180472775287915055e-02
1.121409075435390729e-01 1.506229879383022552e-01 5.288956719470060130e-02 2.547460287235581711e-01 8.984867395599553663e-02 2.173016485318749746e-01 2.590204081091453808e-02 9.654814495034780286e-02
1.116212001444430307e-01 1.537134827384838698e-01 5.173670999621766964e-02 2.440106509221809661e-01 9.238724295406736120e-02 2.239055569320570205e-01 2.585921201091391855e-02 9.676594394979098901e-02
1.143135243434566656e-01 1.576675897371506985e-01 5.127413319781673473e-02 2.287184193213039340e-01 9.282747515359991708e-02 2.314720923322120261e-01 2.589959701097355182e-02 9.782716855087797425e-02
1.169930289409867180e-01 1.586359357386207536e-01 5.017322159966922102e-02 2.153468515250638593e-01 9.151870675351619910e-02 2.397112863316011033e-01 2.599595781104038772e-02 1.016250109474034768e-01
1.161072085423364153e-01 1.625926755384651812e-01 4.928018440140272821e-02 2.084298819259516877e-01 9.051896235507227162e-02 2.478132403321209043e-01 2.624085201116008528e-02 9.901699454759010921e-02
1.192146179414785290e-01 1.651942031367097385e-01 4.900993720161765654e-02 1.939869263276948752e-01 9.287520815456935808e-02 2.548148905323094349e-01 2.603341621113168178e-02 9.887080014946779405e-02
1.178083697411285019e-01 1.678214951377903774e-01 4.792371800419524541e-02 1.864493419296186782e-01 9.263376215341843911e-02 2.611575867332141532e-01 2.594994541115576078e-02 1.002557805487338943e-01
1.199402309408531958e-01 1.735531611350245029e-01 4.723866300550149527e-02 1.753411653329750575e-01 9.118292715540800286e-02 2.686358441328952629e-01 2.616197341115130900e-02 9.794603455091475952e-02
1.203945819413677759e-01 1.760837897348535019e-01 4.636086440790372631e-02 1.649660153358299408e-01 9.166434215334298696e-02 2.779627935339177291e-01 2.620874201127679562e-02 9.635887055228649356e-02
1.193037899426775961e-01 1.780470707336624381e-01 4.580038940897745298e-02 1.572747865354529873e-01 9.042586135684596571e-02 2.852864855346234352e-01 2.594017941119976939e-02 9.792143675115067003e-02
1.241427953410472601e-01 1.826808989314358256e-01 4.499818521115576953e-02 1.475932961352166284e-01 9.103049735598338355e-02 2.876647853347424344e-01 2.581527861107496200e-02 9.607426275152981809e-02
1.224607353414623456e-01 1.820122863321499418e-01 4.451403581233871060e-02 1.384893051379422757e-01 9.169144215318328350e-02 2.979029661359232639e-01 2.589003261118579674e-02 9.703919615247320885e-02
1.489168445398738327e-01 1.473329171397141091e-01 1.624454133388578414e-01 1.602751087387926932e-01 6.850763657183335520e-02 2.255444527291262657e-01 2.132845520887061141e-02 6.564917137412847048e-02
1.519793741393281883e-01 1.522331645400504252e-01 1.517673243392141658e-01 1.517487309383784289e-01 6.849815317235424805e-02 2.343506289309117974e-01 2.147304880893276952e-02 6.794957477306785842e-02
1.000000000000000000e+00 1.000000000000000000e+00 1.000000000000000000e+00 1.000000000000000000e+00 1.000000000000000000e+00 1.000000000000000000e+00 1.000000000000000000e+00 1.000000000000000000e+00
1.444918059363176910e-01 8.050621876451764802e-02 1.219502107475337743e-01 3.473991987461388931e-01 1.406881975356403802e-01 9.440971195673877880e-02 2.706672421073058610e-02 4.348793181049608741e-02
1.411103919353206559e-01 8.106684076497035207e-02 1.199707947482825110e-01 3.526618017545049000e-01 1.388067495354520231e-01 9.520614955586560735e-02 2.707035401087203030e-02 4.410691740825425228e-02
1.385738199347158472e-01 8.270197176438187636e-02 1.177238421484747832e-01 3.604057703609007124e-01 1.336016293357722706e-01 9.560937435455645061e-02 2.628914561062315608e-02 4.509444620593065084e-02
1.352755915352782112e-01 8.123456576357100667e-02 1.132001065493090652e-01 3.708428353691181067e-01 1.320757251373253782e-01 9.685505335460611875e-02 2.612684241051538292e-02 4.438927960782696608e-02
1.330539613367323626e-01 8.240588976376474195e-02 1.109531403500246816e-01 3.748508337721923600e-01 1.299517287374937213e-01 9.799866555398860368e-02 2.593200581047713435e-02 4.485377440665466037e-02
1.296590017381380189e-01 8.279717416289794629e-02 1.069645397507638790e-01 3.858505059825280137e-01 1.257475089376221544e-01 9.798657095463907118e-02 2.563275081035830058e-02 4.536194740559288535e-02
1.293871629381468380e-01 8.343854556264619637e-02 1.043108345524398212e-01 3.926864793881725268e-01 1.207969193399769103e-01 9.835385715494281145e-02 2.531531521022375997e-02 4.571088560480340152e-02
1.274958525385023189e-01 8.589988636041868963e-02 1.018696335532768699e-01 3.929132161839374859e-01 1.206153937394669473e-01 9.957250375249210306e-02 2.501879141015524166e-02 4.661472220286633911e-02
1.247596433382790332e-01 8.637333816118651642e-02 9.885229795459921087e-02 4.017262479888395466e-01 1.163839605402787192e-01 1.007513947510932512e-01 2.506471681012169966e-02 4.608840020414026184e-02
1.234268677397213909e-01 8.643278676096113888e-02 9.607822795652795622e-02 4.083681557965844200e-01 1.132933465421380043e-01 1.009187307517095678e-01 2.447469261001903110e-02 4.700719160122924373e-02
1.227740349382817203e-01 8.824383235891652966e-02 9.360767075772313817e-02 4.050272153945627673e-01 1.113766743407245963e-01 1.042168581508300801e-01 2.465719520991723965e-02 5.009651859587615358e-02
1.179327321400435863e-01 8.799003155916018670e-02 9.063719675915707374e-02 4.135913716000446660e-01 1.134172229411305882e-01 1.034887555505446394e-01 2.434430740985231434e-02 4.859838179839822553e-02
1.155954695411424565e-01 8.994727935741290981e-02 8.864623755977873998e-02 4.181667582065114463e-01 1.053694125458291553e-01 1.066241167487526481e-01 2.458192680993331186e-02 5.106879899505458592e-02
1.152581411415960488e-01 9.129906835578695257e-02 8.649573996253019648e-02 4.149714508011171366e-01 1.077683075441993599e-01 1.071317465498949212e-01 2.434267080988569351e-02 5.273287459101929503e-02
1.144256967416997645e-01 9.250122395583869339e-02 8.334313876500623608e-02 4.179199128003612262e-01 1.048416629445530907e-01 1.101069917479146482e-01 2.419844960980411727e-02 5.266292318995858396e-02
1.138243549423345047e-01 9.390842615518882330e-02 8.080519916649457624e-02 4.184660334037860752e-01 1.038398807457176359e-01 1.124095755483961318e-01 2.410507460980521391e-02 5.264145519194270151e-02
1.112450763423765282e-01 9.586606515345087731e-02 7.912721816689193000e-02 4.224599956039450932e-01 9.959508774833794598e-02 1.131861763474479449e-01 2.392412180965648033e-02 5.459625858847304974e-02
1.122499339451224487e-01 9.933855215153038209e-02 7.663368256883164309e-02 4.157444286021150792e-01 9.947989934995535299e-02 1.170112011461421908e-01 2.405821780976174704e-02 5.548408418576546847e-02
1.111309953438414655e-01 9.957283315097906207e-02 7.537022376924194800e-02 4.137696723981065250e-01 9.786446134923067197e-02 1.202806343451277571e-01 2.417058360986247545e-02 5.784059578243617300e-02
1.112483793435763701e-01 1.015347129506731921e-01 7.237640517151727737e-02 4.117321695961643213e-01 9.781339635107270947e-02 1.230008441442937001e-01 2.412366840983164867e-02 5.817042378236664257e-02
1.111052889441017100e-01 1.048963943488676887e-01 7.192782237183641125e-02 4.012532417881163882e-01 9.682117394922878928e-02 1.281846493433124456e-01 2.442769040998735500e-02 6.138373857735330424e-02
1.102335951439014639e-01 1.085475139480854556e-01 7.032751337354530008e-02 3.999581399925781766e-01 9.468327595415672315e-02 1.305012795432267669e-01 2.408593020982712982e-02 6.166275157900174414e-02
1.111502819441254758e-01 1.111241151464387178e-01 6.838539557498390931e-02 3.911338151839128252e-01 9.545286355113867527e-02 1.341149829431182716e-01 2.408152340977182115e-02 6.455702197585837243e-02
1.123751093421119090e-01 1.132641121455228161e-01 6.619444837703726547e-02 3.881885217796560150e-01 9.295406075293538573e-02 1.370227481428600291e-01 2.414064540987631222e-02 6.586035377205495811e-02
1.074262297448540099e-01 1.162313433432992926e-01 6.472314197853039353e-02 3.875786123802472671e-01 9.350613395308447762e-02 1.393057775425090017e-01 2.414500640985891775e-02 6.708375437291781707e-02
1.114362861437445812e-01 1.201988373432992946e-01 6.369178637967241874e-02 3.715010345688429250e-01 9.082280595580811966e-02 1.465490493414511597e-01 2.468625321016232332e-02 7.111394676789989377e-02
1.111187105426379440e-01 1.214691305437820973e-01 6.283986498127770715e-02 3.640752985605066328e-01 9.268776975087472669e-02 1.510911901414395409e-01 2.462294981012150968e-02 7.209508536843467486e-02
1.110461805440509930e-01 1.252206733436317387e-01 6.137489458158640332e-02 3.547636353540591370e-01 9.183913335281751467e-02 1.566491739400232286e-01 2.466901981014742867e-02 7.443728876484950741e-02
1.120399701422437333e-01 1.288684121416482919e-01 5.973026358418809245e-02 3.497919261465246010e-01 9.150938295545368861e-02 1.594769547413656952e-01 2.452731681003648620e-02 7.405577316749901995e-02
1.131866485444433384e-01 1.337036663406382664e-01 5.872941258504689455e-02 3.360342539332927814e-01 8.990061855486106146e-02 1.663428357408708314e-01 2.484545621024295339e-02 7.725710776463841356e-02
1.127030085430890949e-01 1.376101779402383318e-01 5.774157938704868598e-02 3.285015795328997679e-01 8.971407555466590078e-02 1.705085329391947402e-01 2.470467981022547374e-02 7.851636596392359835e-02
1.141229835424518030e-01 1.399459393393062134e-01 5.714344338776149168e-02 3.150067675281347235e-01 8.839589695824216775e-02 1.764595651392779629e-01 2.481814401026302339e-02 8.410725976064056808e-02
1.171070321406347120e-01 1.454682325386447428e-01 5.668492438840053854e-02 2.966336607269189352e-01 8.862380435735170425e-02 1.878536351349546496e-01 2.513429461044276725e-02 8.249441576208209337e-02
1.150554079424629395e-01 1.477195493379395153e-01 5.484013859094347826e-02 2.905861331261092584e-01 9.034179795582927830e-02 1.902821533351340133e-01 2.510876261043926139e-02 8.606605675732714733e-02
1.158796251425808499e-01 1.504968941379770109e-01 5.386968799283105985e-02 2.746388989221708044e-01 9.197049435384666016e-02 2.000737091341302787e-01 2.540707361059605512e-02 8.766361635870416336e-02
1.169180249422877155e-01 1.565951833372973834e-01 5.343916119336099974e-02 2.625640029230468242e-01 8.961710375525422378e-02 2.063915027334395080e-01 2.535660941065798549e-02 8.911841135684867021e-02
1.189132671419380616e-01 1.586283557374203457e-01 5.166214359672634954e-02 2.527268727225240319e-01 8.902647415516072582e-02 2.117854295328841230e-01 2.541648081070100457e-02 9.184097595407290926e-02
1.180864029408217608e-01 1.612026845369898820e-01 5.193152479635797236e-02 2.432519835223061200e-01 9.099967455678129036e-02 2.172456463327141207e-01 2.557246181080932365e-02 9.170962115437344964e-02
1.189607117406425579e-01 1.683015831385650529e-01 5.063474159853649514e-02 2.276813893232600694e-01 9.054516975414197977e-02 2.261470209312720914e-01 2.547750521073197105e-02 9.225187795451893213e-02
1.209014451414291008e-01 1.698382853368760881e-01 4.956598800083358153e-02 2.188254221231818453e-01 8.787956715861999779e-02 2.342537283315555274e-01 2.554074861080068981e-02 9.319481495268287785e-02
1.232973001409149588e-01 1.752838567348748711e-01 4.900946220170036838e-02 2.046499609254117391e-01 8.796278055586231881e-02 2.388935165317153664e-01 2.546408081079802599e-02 9.543904175127043699e-02
1.243182955405057605e-01 1.768389129334215770e-01 4.851434280292608175e-02 1.956651667281574247e-01 8.836891435884092205e-02 2.479918533318720697e-01 2.539412461076404059e-02 9.290838935329023829e-02
1.250304121395721946e-01 1.811482891325654765e-01 4.774556940439437375e-02 1.809622421310557727e-01 9.088167755518655744e-02 2.554404997334376870e-01 2.559423121090814365e-02 9.319707835228020765e-02
1.251229797403209387e-01 1.805515369322566177e-01 4.676443900657533542e-02 1.722011647326062989e-01 9.072130255635904583e-02 2.638072299332120396e-01 2.568049821101571831e-02 9.515084855313234169e-02
1.247037023418095386e-01 1.848137131310405579e-01 4.595765800872000928e-02 1.631452105350437998e-01 9.300761055326683957e-02 2.670924447338773877e-01 2.562103001101396355e-02 9.565863035125296565e-02
1.248397953411554545e-01 1.895678567301521955e-01 4.560602960939640765e-02 1.535692805353803259e-01 9.163265055584099428e-02 2.759186261340461632e-01 2.568733261104707080e-02 9.317842815229912534e-02
1.496231879401537512e-01 1.490494957399052245e-01 1.755838167349917378e-01 1.751346699358310166e-01 6.545755717371426474e-02 2.021525851320610523e-01 2.061397580847525168e-02 6.238471117749932321e-02
1.519770981389846898e-01 1.528639201388675151e-01 1.655587025392241118e-01 1.672140947379626985e-01 6.503130357436937015e-02 2.123061015309541943e-01 2.101752580868240447e-02 6.403125317648498960e-02
1.576068893392975345e-01 1.567006007402233780e-01 1.575011713395254032e-01 1.583737795389569825e-01 6.626395177385230317e-02 2.191898743306443520e-01 2.112357640871068490e-02 6.324015617532263711e-02
1.000000000000000000e+00 1.000000000000000000e+00 1.000000000000000000e+00 1.000000000000000000e+00 1.000000000000000000e+00 1.000000000000000000e+00 1.000000000000000000e+00 1.000000000000000000e+00
1.000000000000000000e+00 1.000000000000000000e+00 1.000000000000000000e+00 1.000000000000000000e+00 1.000000000000000000e+00 1.000000000000000000e+00 1.000000000000000000e+00 1.000000000000000000e+00
1.459420489345688021e-01 8.222216236350489427e-02 1.191044267480522445e-01 3.548195023548215143e-01 1.381429397364770106e-01 9.153461715812234722e-02 2.607443701042774092e-02 4.215986541356904482e-02
1.403020919359785901e-01 8.359951276288939137e-02 1.166803791489958581e-01 3.645841645655881758e-01 1.346397603355420358e-01 9.180355195830801340e-02 2.594218161042570123e-02 4.244835741290899772e-02
1.390254159352160290e-01 8.355758876309717087e-02 1.135656289500064087e-01 3.641513829643503453e-01 1.351067399369605126e-01 9.470137975665150754e-02 2.641969861056155458e-02 4.347216480998489230e-02
1.352130177364155583e-01 8.425591236273925755e-02 1.103284389497356244e-01 3.789866429789763846e-01 1.300173655373720594e-01 9.316767715602482236e-02 2.562571381027386672e-02 4.240523121288079095e-02
1.326744481362775452e-01 8.523892336093853717e-02 1.077437277499019574e-01 3.833331745789170797e-01 1.271891999386919325e-01 9.511940855586893673e-02 2.551001421029083435e-02 4.319110321096237409e-02
1.297172503375458030e-01 8.522400916117092717e-02 1.044365539518324892e-01 3.930534233849622416e-01 1.237519483389223907e-01 9.501976895568144121e-02 2.525717661015899895e-02 4.353986900978731173e-02
1.284062611373685547e-01 8.682547615912475369e-02 1.011755487533071984e-01 4.035569875942203177e-01 1.175210007402557183e-01 9.458100895516258211e-02 2.487749721005189790e-02 4.305621921104870603e-02
1.258242573389793117e-01 8.748547575830169232e-02 9.976187575459433132e-02 4.040065213935988275e-01 1.179210495396392777e-01 9.680335975479137378e-02 2.462277200992561005e-02 4.357468820980930913e-02
1.248294003390410384e-01 8.803372435946274499e-02 9.676388315568702769e-02 4.098529165981510403e-01 1.126524395428213643e-01 9.789273635384976302e-02 2.450071160987396177e-02 4.547418780512826192e-02
1.238563307384320938e-01 8.858262575789470350e-02 9.379205855721808871e-02 4.119591239993130594e-01 1.125776319435226186e-01 9.917916995367964672e-02 2.428356020981151109e-02 4.576949860543375742e-02
1.219298931397518881e-01 9.009743915737986053e-02 9.137974215915777021e-02 4.139144685985053917e-01 1.097274095429597446e-01 1.001669557521789738e-01 2.437328720976044902e-02 4.841080419882487496e-02
1.204273655424280970e-01 9.153395155652915838e-02 8.821996356121376837e-02 4.228900622064370451e-01 1.046794201447974193e-01 1.014263999525365362e-01 2.372075920962649076e-02 4.710207760182685138e-02
1.179355895396183018e-01 9.382125875391696124e-02 8.715286136150704466e-02 4.200240041990498385e-01 1.048722417466401852e-01 1.039121427497844002e-01 2.376504960959944374e-02 4.851685179812086079e-02
1.168931995415366659e-01 9.554003955491402467e-02 8.409622316416519305e-02 4.187050033999887844e-01 1.053754499445197779e-01 1.061534817503572425e-01 2.398405140970959887e-02 4.925255099773673262e-02
1.165433193404531165e-01 9.530290575442892931e-02 8.123439596600953716e-02 4.228545140065704810e-01 1.027671855472582635e-01 1.071159583497102441e-01 2.388030040966950679e-02 5.030142039525781900e-02
1.157279635425484121e-01 9.677476955339374409e-02 7.910493676730111223e-02 4.247412138066014031e-01 9.896602634931059295e-02 1.100763247489277841e-01 2.372674380960575202e-02 5.088202119457312100e-02
1.154196565415110676e-01 1.005894049515049654e-01 7.711653576809600341e-02 4.233490062066761483e-01 9.701874694906081897e-02 1.109119985479212755e-01 2.349903400949830690e-02 5.209561679161268943e-02
1.146088333425952510e-01 1.020343725505342136e-01 7.529919516930770607e-02 4.199588496036927299e-01 9.705841555059122050e-02 1.130794703475525576e-01 2.361695960953733714e-02 5.434390358790665981e-02
1.141972641413624839e-01 1.038597287504674366e-01 7.362144397082977243e-02 4.128740552017190479e-01 9.750058454915357109e-02 1.178936575463064573e-01 2.369784360962340700e-02 5.635542198607592507e-02
1.141025201429704261e-01 1.074002787480149990e-01 7.212352937178309609e-02 4.084457413974100226e-01 9.705975015071242884e-02 1.203262419453343807e-01 2.364846460965681907e-02 5.689347338477761251e-02
1.123181595423898699e-01 1.088569007475465311e-01 7.011145977338480162e-02 4.085095083950925354e-01 9.604362815069583670e-02 1.228713019453345073e-01 2.356953600956974981e-02 5.771950518428552862e-02
1.124472661430673814e-01 1.118906509457696929e-01 6.867269917454744965e-02 4.024107409916953815e-01 9.399675395248018039e-02 1.270358371436499656e-01 2.398635620974363600e-02 5.955969518176144895e-02
1.119583859427668859e-01 1.140481503442777739e-01 6.678071957605491438e-02 3.954704133869894056e-01 9.540782235094584507e-02 1.304665961430588328e-01 2.367561720964175137e-02 6.219229477937408129e-02
1.106201861454960272e-01 1.179816573439521343e-01 6.552621297767649566e-02 3.904507963836083562e-01 9.361934855280913681e-02 1.344738321423718241e-01 2.390379500971871393e-02 6.342417117527791859e-02
1.128120797429594535e-01 1.221833339424098219e-01 6.420040917880186215e-02 3.763977355722297191e-01 9.356257535313108886e-02 1.400441945425413282e-01 2.404813940984062981e-02 6.675153197247131465e-02
1.109080737443262493e-01 1.238106393424785179e-01 6.237279018110845896e-02 3.770827783735314909e-01 9.139204375510147360e-02 1.426995019427347300e-01 2.409786080980311565e-02 6.763631157272020911e-02
1.139130903421320812e-01 1.282283093418389308e-01 6.143694238200214652e-02 3.646448947620462011e-01 9.023092835540806600e-02 1.477343823418705571e-01 2.407960620990236278e-02 6.973184596962583859e-02
1.153476547437553290e-01 1.314339353417483258e-01 6.032509678378668305e-02 3.498687187483097705e-01 9.210820795261699667e-02 1.541769191407273698e-01 2.427795901005546167e-02 7.246150796746540779e-02
1.165203165420047871e-01 1.366775593404078448e-01 5.942279878493656603e-02 3.418689075384959697e-01 9.074042915616793714e-02 1.576375775411575919e-01 2.428063660996226253e-02 7.285177416848852283e-02
1.179031805397807997e-01 1.406712503390611657e-01 5.853061438568556846e-02 3.302904609338399577e-01 8.875844995647777513e-02 1.649585743404174409e-01 2.441997381007554938e-02 7.446749536673688552e-02
1.202465989406645286e-01 1.427137655393648785e-01 5.703421838784036163e-02 3.198033505296079548e-01 9.015621635519545374e-02 1.695813073408019844e-01 2.456978501016137198e-02 7.589475756547357788e-02
1.197592671413745674e-01 1.479900815388418833e-01 5.580279058978904888e-02 3.081830887270444186e-01 8.865842935743570297e-02 1.748022745386222376e-01 2.487450481033867331e-02 7.992956296263616089e-02
1.201804493423987014e-01 1.534562595387181372e-01 5.530982859056236128e-02 2.954768183256437086e-01 9.033441015672216690e-02 1.803218891363817522e-01 2.468665161029705638e-02 8.023369296356488989e-02
1.187759593425073840e-01 1.540273595387197658e-01 5.439416379162602400e-02 2.856536553258164357e-01 8.935866575604094197e-02 1.902794365351009320e-01 2.489375121039054395e-02 8.261700816038869410e-02
1.207940963410377572e-01 1.617273625380342694e-01 5.368551259330411191e-02 2.722226151246252002e-01 8.930254835626393051e-02 1.938164387345829298e-01 2.481735681033099897e-02 8.363406915919532891e-02
1.233392517399744259e-01 1.645586887380406926e-01 5.232150859546082222e-02 2.588157695220894561e-01 9.033562335472679339e-02 2.002413271341146883e-01 2.482882801036203138e-02 8.555900255890973305e-02
1.240210591385433603e-01 1.689679351386469963e-01 5.217132339558312737e-02 2.465257635224425425e-01 9.045641995499491272e-02 2.063702529326234825e-01 2.506312261055219925e-02 8.642412296046232678e-02
1.247282731397320182e-01 1.727568765358040159e-01 5.099507299833710983e-02 2.369611235213603118e-01 8.939524395681563984e-02 2.133633471324423991e-01 2.510305761057253504e-02 8.669700475821852381e-02
1.255139589407497092e-01 1.769809983351458282e-01 5.018160499955733045e-02 2.264101143242307490e-01 8.861458675563650689e-02 2.191715427316127673e-01 2.498356961048849370e-02 8.814362395638555836e-02
1.249251629396862934e-01 1.799502809340542686e-01 4.934680180118448251e-02 2.129229389232696334e-01 9.025033175630267634e-02 2.284003119317713493e-01 2.516174981060662758e-02 8.904242155664707226e-02
1.287978743392174941e-01 1.815079783334618557e-01 4.867743680264559336e-02 2.027970585243739632e-01 8.910218095719132925e-02 2.345129965309336872e-01 2.519545321068560745e-02 8.940902095726860344e-02
1.278359569395506601e-01 1.857985929308107464e-01 4.817371580375012091e-02 1.896427275266796275e-01 9.079925015572828939e-02 2.410630267320707787e-01 2.498891101060531084e-02 9.169781855572348150e-02
1.313477789385338046e-01 1.913806561303051934e-01 4.753617920531556101e-02 1.792064895322401374e-01 8.790356275752338189e-02 2.461861465321543152e-01 2.522546201070680755e-02 9.121372455346213326e-02
1.319279735391669928e-01 1.932330935296940888e-01 4.635052720750047761e-02 1.680766229346921659e-01 9.056381395472185014e-02 2.550600989322598933e-01 2.510779221068872719e-02 8.968007735636422673e-02
1.485060085398354768e-01 1.475302931397628470e-01 1.902501293320280340e-01 1.881955529318218301e-01 6.383804857655867027e-02 1.828371935357943623e-01 2.010727220835430498e-02 5.873550138285037192e-02
1.519177419396172124e-01 1.526244413396830313e-01 1.801800457348116113e-01 1.799206729345362021e-01 6.464225757491098845e-02 1.910471727338619585e-01 2.025023500841327539e-02 5.941743238219551748e-02
1.555072721398897961e-01 1.598663417387826136e-01 1.692853731379991289e-01 1.697771503379692792e-01 6.625698197448273707e-02 1.978307841325458172e-01 2.051565080851586176e-02 6.096044537959035420e-02
