1.300938689435555684e-01 1.194287679458973933e-01 1.215766333453453113e-01 1.289820347438263293e-01 1.304166743424052255e-01 1.200605765471592506e-01 1.215107637443971489e-01 1.279306799436307762e-01
1.299902131428613550e-01 1.201578205454023052e-01 1.227165393453241576e-01 1.282259277436719191e-01 1.291339041431166235e-01 1.208238767461938395e-01 1.204592621455090884e-01 1.284924557439372228e-01
1.302014695427911040e-01 1.203775669456527420e-01 1.210094851460558341e-01 1.290947399436241094e-01 1.291364885432075282e-01 1.210561027463028794e-01 1.201312135459512986e-01 1.289929331420526515e-01
1.306561655427760371e-01 1.207005451460046730e-01 1.184116681466911292e-01 1.285193411434314426e-01 1.296312819429432661e-01 1.212933139446390474e-01 1.203374903457354178e-01 1.304501933437142158e-01
1.301377339436298186e-01 1.214886227458694262e-01 1.192093697456445001e-01 1.302453781426699819e-01 1.299324505416548925e-01 1.213644629454376234e-01 1.182324995470603740e-01 1.293894819431771204e-01
1.292768125436444815e-01 1.214579473451961322e-01 1.198575045458400296e-01 1.304243975429340285e-01 1.296710531428290347e-01 1.218247493446025648e-01 1.191190011460292880e-01 1.283685339439416817e-01
1.317723331423954203e-01 1.209619573464210535e-01 1.179918545458339407e-01 1.285339593424988658e-01 1.293837981438045459e-01 1.224631887454104007e-01 1.192635251459787937e-01 1.296293831430116728e-01
1.305868645442641862e-01 1.224034765450561779e-01 1.187498773464531615e-01 1.298275619428960748e-01 1.289240783430674053e-01 1.224618731450656389e-01 1.180757633462953538e-01 1.289705043423359787e-01
1.294359647432101745e-01 1.225366253458862048e-01 1.175355283467016954e-01 1.291258531425741873e-01 1.305417855422671691e-01 1.235468061448299071e-01 1.177012871470159844e-01 1.295761491440010071e-01
1.301295363424543883e-01 1.235924973451066333e-01 1.169027321466612479e-01 1.295803515430740960e-01 1.295317643432823129e-01 1.212904437452275858e-01 1.184860261462769709e-01 1.304866479427179149e-01
1.294779077420445956e-01 1.221726009446973682e-01 1.180190467461929293e-01 1.296006791431102978e-01 1.311815765418883062e-01 1.232934887460408885e-01 1.170098525463867806e-01 1.292448471441652313e-01
1.287949257438141260e-01 1.229828985448715994e-01 1.179261421466982485e-01 1.290045547434662820e-01 1.304144489429855114e-01 1.242811567445797627e-01 1.165495669462016104e-01 1.300463057425858271e-01
1.296853373431065548e-01 1.238621849440046940e-01 1.161763329467243866e-01 1.304283111439807352e-01 1.295971785425334699e-01 1.238827671446669498e-01 1.167968435472315214e-01 1.295710439430791117e-01
1.304632457428064607e-01 1.239278051451162821e-01 1.151138101476684716e-01 1.298610795429909759e-01 1.305717677433037294e-01 1.241945761445847757e-01 1.170923501465630651e-01 1.287753649433263092e-01
1.295946741425353377e-01 1.249943341442892319e-01 1.158831949467222372e-01 1.304431119433482056e-01 1.288945865433997751e-01 1.265480955445497935e-01 1.138750565479931393e-01 1.297669457429261042e-01
1.296421819427030775e-01 1.240794343452127635e-01 1.163805347468159779e-01 1.300064159428034327e-01 1.292236049430726397e-01 1.260659367446023138e-01 1.150633105476016188e-01 1.295385803436100158e-01
1.282852729433686112e-01 1.270664557437667930e-01 1.146170417464850294e-01 1.299734251439004229e-01 1.294433589430849518e-01 1.253019681446940758e-01 1.153727139462989576e-01 1.299397629435460888e-01
1.281630471424370366e-01 1.263623067438844338e-01 1.143730497475500957e-01 1.298953187440656243e-01 1.302280115431868890e-01 1.271781281440950706e-01 1.142659039471185384e-01 1.295342335432689562e-01
1.294059715436495783e-01 1.273705329439722422e-01 1.152944027478033512e-01 1.297682055437267834e-01 1.276970741432499334e-01 1.279012953432950572e-01 1.152520707468363825e-01 1.273104465435322130e-01
1.281832363433005606e-01 1.267948411436763401e-01 1.142875165472439086e-01 1.287413679433138947e-01 1.293197697428882242e-01 1.283029259439167069e-01 1.147469399478914520e-01 1.296234019435715257e-01
1.281024197437265200e-01 1.279173873434746866e-01 1.129992349482599329e-01 1.301741485436601620e-01 1.306131407419118817e-01 1.269012611437695115e-01 1.132038157477664037e-01 1.300885913427189677e-01
1.291733627432983256e-01 1.287781849438953685e-01 1.137605377477795415e-01 1.299617961423190360e-01 1.297783571433862582e-01 1.287504395443178906e-01 1.123798295476182013e-01 1.274174917435649812e-01
1.295644713429433548e-01 1.282127301447140988e-01 1.122607797480132397e-01 1.305000283433781216e-01 1.299460243429954032e-01 1.279467133442916127e-01 1.125379641477137482e-01 1.290312881428405389e-01
1.300247429441689362e-01 1.285467057432896909e-01 1.121363037479264635e-01 1.300152609430244022e-01 1.290229573430355381e-01 1.283794241435581018e-01 1.118074287488707713e-01 1.300671759430912788e-01
1.289062585429768815e-01 1.283859263439351139e-01 1.113021223475041815e-01 1.296915619430921152e-01 1.300455969438954473e-01 1.298250909436756417e-01 1.122457647478782711e-01 1.295976777429903026e-01
1.288258421437387113e-01 1.296708093427440811e-01 1.112931745471215650e-01 1.305492957431414192e-01 1.294404243433451285e-01 1.301306917441947264e-01 1.110131411483221558e-01 1.290766205441567782e-01
1.288342291430298880e-01 1.296543639437166828e-01 1.113024257479695855e-01 1.300944667420564083e-01 1.290629597439963139e-01 1.303585433442552011e-01 1.113761031482120439e-01 1.293169077431967906e-01
1.284687255433236142e-01 1.307409309444256540e-01 1.108863051474847788e-01 1.278003647438900048e-01 1.290724585434096794e-01 1.316029683422165752e-01 1.125096963469991024e-01 1.289185499439718663e-01
1.292260075438489975e-01 1.301900253438297850e-01 1.106778727486947694e-01 1.305675967431597917e-01 1.268822563440566431e-01 1.314459525425027975e-01 1.112459449478470364e-01 1.297643433420971604e-01
1.281796361433117926e-01 1.320436335430721642e-01 1.103973045476099035e-01 1.293708799434274692e-01 1.283097627427632614e-01 1.318197387438706791e-01 1.105867303487210740e-01 1.292923135442310689e-01
1.282901667436611992e-01 1.312305269434821953e-01 1.092894029494841796e-01 1.312981071427581359e-01 1.281447535421853245e-01 1.321653677430799922e-01 1.094792379489149675e-01 1.301024365441766917e-01
1.290958885433737269e-01 1.306557271428235856e-01 1.097133983493158021e-01 1.306046605429154184e-01 1.294948229436726217e-01 1.314760467434034352e-01 1.087958169490261251e-01 1.301636383422017373e-01
1.268968653440374628e-01 1.337398357438594199e-01 1.104159017480323135e-01 1.294420627432878446e-01 1.281377399432437059e-01 1.324760125430076707e-01 1.087581401494931849e-01 1.301334413426588066e-01
1.295325233433430590e-01 1.324073037430049116e-01 1.081566229498038406e-01 1.286422045429852501e-01 1.297904989429578826e-01 1.338698613431713313e-01 1.086817569494292202e-01 1.289192277436990719e-01
1.281984779426182386e-01 1.331543727423210866e-01 1.088314425495376797e-01 1.287638547435782377e-01 1.277925269433506372e-01 1.333061709435238440e-01 1.088218599485543808e-01 1.311312937432729531e-01
1.276526703435703070e-01 1.355270487431033399e-01 1.082219965488267349e-01 1.286047453440989086e-01 1.297518807429698939e-01 1.334343869438878172e-01 1.081654383487048315e-01 1.286418325431995247e-01
1.287236439433744606e-01 1.341428907430511630e-01 1.086857275490843711e-01 1.299224361433921893e-01 1.273133953433608634e-01 1.348346905430230225e-01 1.071371335495014537e-01 1.292400817437505123e-01
1.285654353430649155e-01 1.355532131428106024e-01 1.068231709499588428e-01 1.287835411429452404e-01 1.284658151433280271e-01 1.355344891434036025e-01 1.072472875487419097e-01 1.290270471433192234e-01
1.285246323433947013e-01 1.364678621433904337e-01 1.081594403486630385e-01 1.281276137427181661e-01 1.274322917442919922e-01 1.354844853419328310e-01 1.064009725499600600e-01 1.294027013436669926e-01
1.300688959439997849e-01 1.351325615423602799e-01 1.066510647497192904e-01 1.274652205425933493e-01 1.274744835434843404e-01 1.358382309431727109e-01 1.061985519510045273e-01 1.311709903427661639e-01
1.280124659436700230e-01 1.377239163417406931e-01 1.069167681496639433e-01 1.313748007432985199e-01 1.276393935433855209e-01 1.345041681423547464e-01 1.055860943505509963e-01 1.282423923431554313e-01
1.282966175438428058e-01 1.365561735428228451e-01 1.060692787505380374e-01 1.288726191427944923e-01 1.277986629443984001e-01 1.378129545417871304e-01 1.055032397507610215e-01 1.290904533427331691e-01
1.286491401434887161e-01 1.359282303432049199e-01 1.054988327506061613e-01 1.284012669435753984e-01 1.283105377421585036e-01 1.375623325431545863e-01 1.059874429499789578e-01 1.296622161433925169e-01
1.281662885432083288e-01 1.375510309425064248e-01 1.055001047507679451e-01 1.288637387431077752e-01 1.275790477437429293e-01 1.367151795424809413e-01 1.061888989496005131e-01 1.294357103432037803e-01
1.280835489435309671e-01 1.381003639423917795e-01 1.034553307515767573e-01 1.283534069432008817e-01 1.286924713427394507e-01 1.385168151421677929e-01 1.054668237507045137e-01 1.293312387436481858e-01
1.294047615438320975e-01 1.365286663419260915e-01 1.047973909508321394e-01 1.299111719434382639e-01 1.282430101432838199e-01 1.379275767424228694e-01 1.049568803502995279e-01 1.282305415434521756e-01
1.289306751435099485e-01 1.386720565428058161e-01 1.047139433505052952e-01 1.282299703429506665e-01 1.287449773419739318e-01 1.397210773422301877e-01 1.040746513517456090e-01 1.269126481434302289e-01
1.297900625424255328e-01 1.387599697423059775e-01 1.039530581506082768e-01 1.268445267445856561e-01 1.286109433417965686e-01 1.397874607428243043e-01 1.034747365510405442e-01 1.287792417441660231e-01
1.280694673441885867e-01 1.378405635424916897e-01 1.040420361511872477e-01 1.283373613425836945e-01 1.285614949430696485e-01 1.411398931415836222e-01 1.034045851517316206e-01 1.286045979425305408e-01
1.286612397433440635e-01 1.404861235420550858e-01 1.036522389513313408e-01 1.278179143435664578e-01 1.294169263431958761e-01 1.395726953419968996e-01 1.025351677519188848e-01 1.278576935434964645e-01
1.245738329443789594e-01 1.247918819437953131e-01 1.246946861438206905e-01 1.245561803451067651e-01 1.260498837439157915e-01 1.256009809448758729e-01 1.251474291436604214e-01 1.245851243440791178e-01
1.278121543436811780e-01 1.249787059449480597e-01 1.265582857442993925e-01 1.431682737418310258e-01 1.288054221422064993e-01 1.253385607449124250e-01 1.065819697486311141e-01 1.167566271456850491e-01
1.304307423429440227e-01 1.245687049446519146e-01 1.262149751437453560e-01 1.418744429416223529e-01 1.283497557433861125e-01 1.262769617444221559e-01 1.051417449501657331e-01 1.171426717458749350e-01
1.306715979429932117e-01 1.250773149435962239e-01 1.256821631444926812e-01 1.397645541412008419e-01 1.287229361430523300e-01 1.261186157441863132e-01 1.058776579503984544e-01 1.180851595459632003e-01
1.304890635421512568e-01 1.256460773435978395e-01 1.252902459444433514e-01 1.398197527426521536e-01 1.299907469429877893e-01 1.249410087445831513e-01 1.049250799502739750e-01 1.188980243462642028e-01
1.293123051438926363e-01 1.271715379441898108e-01 1.243297257453167270e-01 1.409447963410363214e-01 1.285193867437899318e-01 1.253338355436109108e-01 1.063468211493780458e-01 1.180415909448712941e-01
1.289908429436961990e-01 1.252313089440455218e-01 1.246600813446702427e-01 1.419825639405229156e-01 1.285830555433976619e-01 1.265735675443386554e-01 1.054651091497434690e-01 1.185134701457639245e-01
1.296370315433693909e-01 1.262848537432673668e-01 1.235572083448623348e-01 1.400999549412249301e-01 1.286677951427059041e-01 1.265471005449873287e-01 1.049943363502347515e-01 1.202117189451347712e-01
1.290229693434856439e-01 1.250868347436159544e-01 1.247938807444987502e-01 1.401180987415366341e-01 1.301208725434916391e-01 1.275299731441663365e-01 1.045614363503292038e-01 1.187659339451082596e-01
1.297559257434040547e-01 1.268846033435710452e-01 1.221385111449648786e-01 1.388148565415280034e-01 1.297468297430510176e-01 1.278243947438266748e-01 1.049293185497268133e-01 1.199055597453989319e-01
1.286394593430102151e-01 1.258310739443956328e-01 1.235285521449733526e-01 1.399745289409838056e-01 1.295364441431199887e-01 1.292557757441209765e-01 1.038685583511415322e-01 1.193656069445038215e-01
1.275878501427290534e-01 1.266265047436600233e-01 1.226854827444674584e-01 1.380852835412877677e-01 1.297070873428398941e-01 1.292689427449068840e-01 1.056121867510338153e-01 1.204266615445741262e-01
1.289458715433089431e-01 1.277446999431495200e-01 1.228279919454958041e-01 1.404128509406694092e-01 1.285318201431907281e-01 1.296679477445488726e-01 1.041564687504121511e-01 1.177123485460129237e-01
1.290964567432036914e-01 1.262259383432051962e-01 1.214928319450590405e-01 1.393519737414572190e-01 1.293210307427245243e-01 1.304287115440664890e-01 1.041582705510921414e-01 1.199247859455922632e-01
1.286152935428034050e-01 1.269540019448911206e-01 1.212168357458424384e-01 1.402758461416172553e-01 1.295486693424334756e-01 1.284602815438677659e-01 1.046734947506082758e-01 1.202555765440119495e-01
1.286784217428293964e-01 1.289271795437671453e-01 1.195091001459525348e-01 1.384358111413175607e-01 1.280657055431699554e-01 1.315953461430465765e-01 1.040114987508901911e-01 1.207769365442886711e-01
1.286447455426284747e-01 1.284174139433974793e-01 1.195754183454739994e-01 1.381336701423337421e-01 1.293570195430205627e-01 1.314652753436163501e-01 1.034921643508287942e-01 1.209142923445607198e-01
1.291817689438423955e-01 1.280520615434261877e-01 1.202939761455483758e-01 1.384564081410192826e-01 1.287575283436774021e-01 1.308491595437570321e-01 1.037773391497986974e-01 1.206317577444208367e-01
1.294985449429747471e-01 1.267137309439199111e-01 1.188373479456595466e-01 1.388897677406212006e-01 1.285129077429939815e-01 1.322133503436710988e-01 1.031201001514073651e-01 1.222142497445212472e-01
1.288184057427912144e-01 1.290275895436864828e-01 1.201528161457809246e-01 1.371905763416862989e-01 1.290930877434122159e-01 1.311078877434062318e-01 1.039350955501946033e-01 1.206745407456515234e-01
1.306081441423158629e-01 1.286273209443869747e-01 1.177299311455501651e-01 1.356170611410590643e-01 1.292931089431931524e-01 1.326488281437017136e-01 1.033824753516802697e-01 1.220931297444853569e-01
1.299138201424944461e-01 1.287226151433371324e-01 1.172676457470041705e-01 1.372703187421160098e-01 1.281523889425533191e-01 1.335824559432034764e-01 1.024623771517339382e-01 1.226283777444331924e-01
1.305984137425253433e-01 1.287851181434161718e-01 1.184866801464153629e-01 1.357857475426849092e-01 1.278538793429601639e-01 1.338056347435816473e-01 1.019372533515103957e-01 1.227472725437819823e-01
1.286602365422873651e-01 1.297544477440827071e-01 1.181421903460318640e-01 1.351743163420718041e-01 1.273932477436170163e-01 1.351154501427758170e-01 1.017853297518407918e-01 1.239747809444806115e-01
1.281062539432950564e-01 1.301870167426090186e-01 1.161501363468981363e-01 1.352922097425080517e-01 1.300134281422975491e-01 1.358477697428886743e-01 1.021515925521342683e-01 1.222515923446888669e-01
1.287075949437457290e-01 1.292422099434775151e-01 1.174701907463162609e-01 1.349246487414191287e-01 1.286038323428531915e-01 1.355622587428970127e-01 1.020986307514373942e-01 1.233906333447865739e-01
1.296412305432752821e-01 1.299789887424645518e-01 1.158286161469070097e-01 1.361288743429590331e-01 1.285132297435320203e-01 1.348932623432250455e-01 1.011476619524177695e-01 1.238681357438784075e-01
1.290958983436510388e-01 1.303166877437075544e-01 1.170721837458802150e-01 1.351171729414818723e-01 1.281963763426371417e-01 1.353510921436101855e-01 1.014605843510487521e-01 1.233900039441344076e-01
1.285430413436111918e-01 1.301118891435230074e-01 1.161766373467558872e-01 1.363442741415444026e-01 1.276613055428414134e-01 1.362485957435028150e-01 1.022356217507586484e-01 1.226786345437359677e-01
1.299954021424538919e-01 1.305433637424947835e-01 1.148116977483369383e-01 1.344108273418788413e-01 1.290894069429074364e-01 1.364362663431470390e-01 1.017677831519159803e-01 1.229452521449523467e-01
1.303848095440598709e-01 1.309238007431336726e-01 1.159003237471429582e-01 1.343921399420282548e-01 1.281413959425725668e-01 1.365816275423220039e-01 1.003978015514966904e-01 1.232781005448264078e-01
1.286870201432785688e-01 1.320930725423407059e-01 1.144424551480110186e-01 1.342630719419828922e-01 1.288703915432161951e-01 1.368043025431109061e-01 1.015845017519458049e-01 1.232551839442719011e-01
1.289177819434550454e-01 1.305090839430484984e-01 1.128606337473772453e-01 1.347860033422349502e-01 1.291897939424253572e-01 1.376875859428121629e-01 1.009357743525523265e-01 1.251133423430759450e-01
1.284922767431040946e-01 1.321580475433181412e-01 1.144009655470082931e-01 1.332777947430462684e-01 1.289437287432878276e-01 1.371993805425754664e-01 1.009585691520041434e-01 1.245692365435027704e-01
1.295771355429330696e-01 1.310699563427984715e-01 1.120486363473979785e-01 1.334106585425810787e-01 1.291472971430355499e-01 1.409975653425529218e-01 9.955497115308767353e-02 1.241937791437860983e-01
1.272849925434898222e-01 1.312907447430479435e-01 1.136024737482916880e-01 1.345055913421395744e-01 1.278883145439127511e-01 1.406676913427546416e-01 1.000189757528370665e-01 1.247412155427378572e-01
1.287922203431317303e-01 1.329593323425860008e-01 1.124706217471187070e-01 1.332641247435870091e-01 1.273402551432230578e-01 1.396743571430704156e-01 1.001985151517248845e-01 1.253005729440214711e-01
1.302810085433112886e-01 1.331843813426224765e-01 1.125290509480657564e-01 1.322347423425298263e-01 1.273549619431572355e-01 1.399672195422083376e-01 1.002158145521337140e-01 1.242328203437704226e-01
1.287049669432711874e-01 1.326119169423623789e-01 1.119900355475223624e-01 1.314703651423221875e-01 1.280577735435840803e-01 1.415205437423650847e-01 9.948225155318352053e-02 1.261621461440775582e-01
1.283393565441291184e-01 1.323465101424280144e-01 1.106547095491112742e-01 1.337476723408586587e-01 1.276660263435634435e-01 1.413055411426475394e-01 9.868189955399268853e-02 1.272582839431599666e-01
1.283387193426595574e-01 1.339765005429036648e-01 1.108877117486181257e-01 1.327393097425494384e-01 1.287379433430148323e-01 1.406020345431932828e-01 9.901603455312833757e-02 1.257017457427211382e-01
1.295469097419465476e-01 1.333143761422742046e-01 1.097379599493084057e-01 1.306329981436400722e-01 1.298635607421946836e-01 1.429484261425340019e-01 9.919988215280473032e-02 1.247558865439851034e-01
1.286608033437750542e-01 1.343725915429680728e-01 1.107964571493889050e-01 1.312585889417497154e-01 1.274081417430091567e-01 1.424686895430001543e-01 9.843841995366241215e-02 1.265963073428387209e-01
1.276068129435451448e-01 1.342786847419822072e-01 1.102451421484154787e-01 1.311217691429363841e-01 1.286913985440360508e-01 1.436514859418057954e-01 9.840745055312730138e-02 1.259972555437884334e-01
1.295087009430590241e-01 1.327429463426568756e-01 1.100189199489405578e-01 1.305648177430561718e-01 1.272745113422138752e-01 1.443332865415320743e-01 9.791890275358858253e-02 1.276379139432099186e-01
1.288089971433437342e-01 1.336169479428545859e-01 1.077584529500705129e-01 1.292821297424661398e-01 1.291533941435606681e-01 1.455396561421595791e-01 9.931994035236678398e-02 1.265204811431467902e-01
1.303360391425063269e-01 1.337558953426816188e-01 1.090345301487195828e-01 1.292426893429056423e-01 1.283357961430350580e-01 1.428706499419618026e-01 9.912473015347693373e-02 1.272996693438270821e-01
1.295755629429677369e-01 1.343762091436075112e-01 1.084002867493168015e-01 1.307842841414388335e-01 1.291312061441360903e-01 1.433778527417508830e-01 9.792410695418905797e-02 1.264304907438088821e-01
1.288925113427028257e-01 1.348961921428124544e-01 1.081549207502583432e-01 1.294386237422992525e-01 1.288542397423353136e-01 1.458215085424253155e-01 9.759581935462952051e-02 1.263461839425544520e-01
1.308532177434868493e-01 1.304681095432175808e-01 1.306961695424391501e-01 1.299486111426627066e-01 1.219346757444719764e-01 1.402462445415877113e-01 9.427922495526461222e-02 1.215737463462040618e-01
1.302044871446654262e-01 1.283484375434754687e-01 1.312210641425722857e-01 1.296670097429351576e-01 1.238589705442067479e-01 1.410630341421003908e-01 9.372281255565557967e-02 1.219141837436900633e-01
1.000000000000000000e+00 1.000000000000000000e+00 1.000000000000000000e+00 1.000000000000000000e+00 1.000000000000000000e+00 1.000000000000000000e+00 1.000000000000000000e+00 1.000000000000000000e+00
1.288386113425559754e-01 1.245692097442137880e-01 1.260723811451329168e-01 1.428918691408561092e-01 1.297578981431045109e-01 1.244472485446952298e-01 1.053223245493224020e-01 1.181004569454409125e-01
1.285923865429819679e-01 1.245622385442921171e-01 1.268423125448114308e-01 1.418013841416669030e-01 1.294638159433051938e-01 1.253548339452274785e-01 1.055046291493496741e-01 1.178783987453268511e-01
1.291232029428465988e-01 1.238827213449387038e-01 1.252403189443743181e-01 1.417372553409921299e-01 1.292466879421561854e-01 1.256378579445061039e-01 1.066716607487760426e-01 1.184602943474073744e-01
1.303802607435071981e-01 1.238994881448295116e-01 1.242513133441864315e-01 1.417077971409943238e-01 1.297566067424622549e-01 1.261901145451167217e-01 1.058651863499678464e-01 1.179492325443605716e-01
1.308966993431244230e-01 1.250491563438922704e-01 1.254961225443351480e-01 1.434726957406082803e-01 1.276844081439520717e-01 1.243760755456089773e-01 1.047603547501006205e-01 1.182644871454035240e-01
1.283751255435049421e-01 1.258178125439695649e-01 1.249427271440594761e-01 1.416514853422723708e-01 1.299278977441622740e-01 1.261487843442891943e-01 1.050792395495237369e-01 1.180569273446686607e-01
1.295834937433197609e-01 1.249096993438728737e-01 1.243291323448324909e-01 1.402891031414276457e-01 1.299302631429168076e-01 1.255090183443536012e-01 1.057995505504523565e-01 1.196497389449323878e-01
1.306997263424554412e-01 1.272236571438703778e-01 1.232701831440512624e-01 1.388235165418645056e-01 1.277721593436709491e-01 1.273052837442401886e-01 1.052700611509479328e-01 1.196354121448832547e-01
1.305285945428109606e-01 1.267379677440970132e-01 1.222114561443289338e-01 1.401704583413476979e-01 1.285059153428931011e-01 1.289605461448903589e-01 1.048168651497217579e-01 1.180681961455769813e-01
1.285610715433741780e-01 1.289530795428816268e-01 1.217575087462000188e-01 1.406654309414835657e-01 1.283830755430329928e-01 1.277224465442714785e-01 1.043906817498088391e-01 1.195667049445493374e-01
1.294005917430064712e-01 1.265122243434708693e-01 1.226434941448141247e-01 1.388405383412642524e-01 1.289511557443940026e-01 1.291279997434085502e-01 1.041862941502768591e-01 1.203377013448290733e-01
1.297486009431674248e-01 1.276915233444178011e-01 1.220979245442660732e-01 1.381603075412403681e-01 1.278335763436175276e-01 1.307479157438185546e-01 1.036785219511172362e-01 1.200416291449564465e-01
1.281185105435736771e-01 1.278514661431321420e-01 1.226272941451931053e-01 1.396992901412861254e-01 1.286471413429846333e-01 1.291238251442348162e-01 1.035077181507976785e-01 1.204247539450665899e-01
1.282761905437146965e-01 1.287392259432414143e-01 1.216569663455569911e-01 1.371667443418441712e-01 1.279783265433120931e-01 1.322435771433694562e-01 1.050163171500644865e-01 1.189226515449758603e-01
1.290850607435501118e-01 1.308133205429780621e-01 1.210580989453117484e-01 1.391400961410363124e-01 1.268328443441138764e-01 1.310004865430385856e-01 1.026559819515971833e-01 1.194141103450965385e-01
1.296335349431262107e-01 1.278439495446805907e-01 1.211185989457018303e-01 1.360248017421581690e-01 1.296061549424787351e-01 1.315930661435626703e-01 1.030224277508329372e-01 1.211574655442029108e-01
1.287763717425470522e-01 1.287332247435098442e-01 1.209374737457709348e-01 1.377217513417368366e-01 1.292654287425192283e-01 1.322362997432062481e-01 1.028152801515125891e-01 1.195141693451266945e-01
1.310431465425415387e-01 1.281028447426865446e-01 1.203183613458325557e-01 1.372483477412153874e-01 1.277049939435264958e-01 1.316252379440872866e-01 1.031900249522758883e-01 1.207670423446192270e-01
1.275918131429877589e-01 1.291341393431851559e-01 1.196925775460338098e-01 1.378531901420042005e-01 1.292448169425405857e-01 1.318513073434691429e-01 1.028122621513422458e-01 1.218198929440673234e-01
1.295393587428802507e-01 1.286472925437690817e-01 1.177161889461437461e-01 1.377727299411561079e-01 1.293932815427572824e-01 1.335866333431618147e-01 1.023596931523364229e-01 1.209848213447032722e-01
1.295291047419119546e-01 1.291051381424939137e-01 1.184616481465603222e-01 1.365671409422907767e-01 1.287238621437162556e-01 1.330545805429634854e-01 1.016307297523834918e-01 1.229277951448637801e-01
1.291773655436098123e-01 1.298084257437926159e-01 1.178052317454941350e-01 1.369475683411449374e-01 1.284348441431467369e-01 1.334640385435861276e-01 1.021504925504299194e-01 1.222120329445598869e-01
1.287024001425313702e-01 1.296040105433896028e-01 1.171390511467431811e-01 1.368618377421937649e-01 1.281531461438044084e-01 1.350406013430408558e-01 1.024287887513551515e-01 1.220701637441369003e-01
1.302457053437464929e-01 1.292443537430369160e-01 1.158497247465075375e-01 1.365678735417837908e-01 1.286633557432513286e-01 1.325720871431821657e-01 1.028069113516114214e-01 1.240499879438450026e-01
1.295818635435271315e-01 1.296320643425721009e-01 1.166141883459822504e-01 1.361516187424972046e-01 1.281666917436698472e-01 1.340123061430660567e-01 1.028412909513637119e-01 1.229999757437493652e-01
1.287610813439875601e-01 1.303779219425477143e-01 1.157249851470052993e-01 1.344638453428623759e-01 1.296816063423175402e-01 1.363333159427757291e-01 1.019689759514902927e-01 1.226882675443581178e-01
1.294869313435120239e-01 1.311088465428234540e-01 1.158367929471391944e-01 1.362484899426549823e-01 1.280923267433425050e-01 1.358098061415150271e-01 1.014462051525287511e-01 1.219706007440389539e-01
1.299989643429252939e-01 1.298355889429610721e-01 1.153550139466351793e-01 1.347662571429061873e-01 1.290455893429676981e-01 1.363258347425816142e-01 1.014959621515482413e-01 1.231767889433724866e-01
1.300768741445404164e-01 1.308337069430816624e-01 1.124151137474751483e-01 1.353164231418918229e-01 1.294879099425325086e-01 1.364466669426225576e-01 1.001837665526295607e-01 1.252395381434970034e-01
1.295728925425966571e-01 1.316740215434887840e-01 1.136896519481474938e-01 1.349809177421432416e-01 1.284485501422260034e-01 1.373390541426744993e-01 1.006976889525582897e-01 1.235972225444489370e-01
1.292890999432020904e-01 1.304805615436838984e-01 1.127842333480569004e-01 1.343066435421345073e-01 1.294911953427049234e-01 1.390475337426289593e-01 1.012835883512288732e-01 1.233171437431952872e-01
1.300484291420877792e-01 1.300531095436893159e-01 1.145124611478378074e-01 1.347324309420067923e-01 1.272433967431342294e-01 1.378036763429994482e-01 1.009306217532648514e-01 1.246758739438446201e-01
1.296714623437740244e-01 1.317136983433436215e-01 1.140108391475907895e-01 1.337843685426256812e-01 1.276602439430859770e-01 1.386000491412055224e-01 1.003767171528180679e-01 1.241826209434646749e-01
1.288831355420305136e-01 1.320514593429946149e-01 1.121388973489409191e-01 1.331544351424935602e-01 1.297496363434688105e-01 1.387571101426694209e-01 9.995690015248875904e-02 1.253084255435208960e-01
1.266533491442161929e-01 1.308240605431472969e-01 1.135804691479633949e-01 1.339158225419275761e-01 1.301654499422266464e-01 1.387544151426546857e-01 1.003719605523472613e-01 1.257344725434579036e-01
1.278584555438762316e-01 1.329527135433342944e-01 1.115157107475839987e-01 1.335884739418398137e-01 1.282982193440089791e-01 1.397651781422118156e-01 1.001628879527181049e-01 1.258583603433513776e-01
1.292958163428619134e-01 1.325270337426059375e-01 1.115839647481721708e-01 1.309334327421929622e-01 1.289625129426958672e-01 1.401264017425893627e-01 1.001355163527213737e-01 1.264353209440301495e-01
1.297454717423261183e-01 1.310467251435769864e-01 1.102443089483844674e-01 1.336583943423107768e-01 1.286503509432414261e-01 1.416241083417205116e-01 9.964798575320714391e-02 1.253826543438258667e-01
1.284495507429314620e-01 1.335123849427967413e-01 1.117430317482023677e-01 1.329706943427708121e-01 1.281290441438537597e-01 1.415790663415840145e-01 9.963695355241981855e-02 1.239792737438599052e-01
1.283960705432903859e-01 1.327277691426296258e-01 1.106489311475465087e-01 1.318823477432418123e-01 1.276440819435173402e-01 1.432402507413154669e-01 9.941680935269733843e-02 1.260437389440827449e-01
1.295454379426505265e-01 1.345676267427913797e-01 1.096616831483188947e-01 1.312217379427822461e-01 1.282649409427884246e-01 1.417741337426609849e-01 9.999567535268824581e-02 1.249687637438833543e-01
1.290120839423423704e-01 1.343678883429972326e-01 1.105845549485751644e-01 1.297381703434387912e-01 1.290253329428007745e-01 1.431507459417155348e-01 9.845309175386332545e-02 1.256681313442853387e-01
1.281791473426950045e-01 1.341992681419355848e-01 1.100567041484915298e-01 1.308220521437412354e-01 1.281602937421833788e-01 1.426922509422945962e-01 9.955119755343395938e-02 1.263390855442413641e-01
1.281360445437112194e-01 1.351202227415876644e-01 1.075042089489970792e-01 1.296663069429145887e-01 1.293643143429311082e-01 1.443609179425689171e-01 9.886935955342136817e-02 1.269786245427535765e-01
1.280645203438394442e-01 1.358881377423561410e-01 1.079367325497021662e-01 1.294615923427622495e-01 1.278456365430800379e-01 1.437580697432165877e-01 9.873606775282579850e-02 1.283092425427988514e-01
1.280792251428484185e-01 1.349717323418184456e-01 1.079165111490132251e-01 1.296169377433659675e-01 1.280529021430810432e-01 1.468144681419591147e-01 9.826713475323746450e-02 1.262810881441031319e-01
1.291127073431751759e-01 1.294521489434558581e-01 1.301099461422673131e-01 1.310016791434743255e-01 1.233874981441602237e-01 1.396821351423899737e-01 9.404546675657603216e-02 1.232084179438598104e-01
1.296936715434995890e-01 1.314930795432781296e-01 1.290073299427748899e-01 1.310954355433870400e-01 1.237298259440015452e-01 1.380180697434558457e-01 9.437478775515943663e-02 1.225877995438641316e-01
1.290670353426976169e-01 1.302559293426598930e-01 1.306817701435927237e-01 1.291009295431920501e-01 1.241501815441449358e-01 1.402566299422084994e-01 9.421275275586707409e-02 1.222747709447540160e-01
1.000000000000000000e+00 1.000000000000000000e+00 1.000000000000000000e+00 1.000000000000000000e+00 1.000000000000000000e+00 1.000000000000000000e+00 1.000000000000000000e+00 1.000000000000000000e+00
1.000000000000000000e+00 1.000000000000000000e+00 1.000000000000000000e+00 1.000000000000000000e+00 1.000000000000000000e+00 1.000000000000000000e+00 1.000000000000000000e+00 1.000000000000000000e+00
1.288752431422518219e-01 1.257569215447041089e-01 1.268437557442026464e-01 1.420513385402353002e-01 1.293037205435646209e-01 1.252235689446577205e-01 1.043446029506143319e-01 1.176008481460250193e-01
1.301136791433912532e-01 1.254319785445719704e-01 1.260862365449421929e-01 1.419987317413845263e-01 1.295903707431643737e-01 1.236609657444127652e-01 1.074201645482542877e-01 1.156978725462093210e-01
1.305829521429287821e-01 1.258662279441687959e-01 1.243712965446247126e-01 1.426044871417163629e-01 1.285928347434692753e-01 1.264205689437808977e-01 1.051953143504661542e-01 1.163663177455271647e-01
1.301918659429966152e-01 1.249086577442259371e-01 1.254022241444582020e-01 1.420621389418064706e-01 1.299602689423428326e-01 1.252448675449032434e-01 1.049463831511740636e-01 1.172835931451059882e-01
1.293498827432377207e-01 1.252532149446327348e-01 1.240579789447994463e-01 1.405131845410389768e-01 1.307982251417385555e-01 1.260934457447155099e-01 1.056444919503609220e-01 1.182895755448963304e-01
1.301368065427757348e-01 1.277449273433430843e-01 1.244138863445065496e-01 1.411349625412643694e-01 1.275840821430581640e-01 1.263072617452739299e-01 1.046908773500328932e-01 1.179871955459513566e-01
1.315420977422425974e-01 1.267621305439337043e-01 1.233803235454357938e-01 1.389458145418472346e-01 1.282001281435298790e-01 1.273901285434126951e-01 1.042759499509591375e-01 1.195034265443813276e-01
1.308157837429747006e-01 1.280900031435752151e-01 1.237493753444061095e-01 1.392423131416489490e-01 1.273571313440035047e-01 1.280861247441802409e-01 1.040169129504563694e-01 1.186423551456137898e-01
1.282237559439843300e-01 1.264890209438934432e-01 1.212181121452064608e-01 1.418862987417199018e-01 1.290446505437368441e-01 1.271071833440126087e-01 1.053320177488767939e-01 1.206989601446948612e-01
1.292195527438899927e-01 1.264370917441149933e-01 1.226221145453316314e-01 1.408598925410105840e-01 1.283431313432293885e-01 1.287328933439315926e-01 1.039949623503506337e-01 1.197903609446839962e-01
1.287358693433298673e-01 1.270856329432956955e-01 1.224861301453148421e-01 1.382150253421592090e-01 1.286305129427201821e-01 1.292708609439771339e-01 1.045836877498991235e-01 1.209922801450457053e-01
1.288905699428856133e-01 1.279721675432267669e-01 1.206800515454540812e-01 1.390723787413798984e-01 1.299653961426784632e-01 1.293704029436547054e-01 1.036081247513096215e-01 1.204409079458308024e-01
1.297132391436414123e-01 1.279946913432287725e-01 1.216556715452750403e-01 1.379604921417270647e-01 1.292495677428212308e-01 1.291242435433206659e-01 1.048146791503970082e-01 1.194874149456859602e-01
1.294560741424996275e-01 1.285515779435287553e-01 1.207535513454875975e-01 1.378639723417096896e-01 1.292859093433453566e-01 1.309429085446607854e-01 1.038320035513304318e-01 1.193140023443766268e-01
1.306769477425907822e-01 1.285836639425926853e-01 1.206479499457403792e-01 1.367884793422738943e-01 1.284129271439115039e-01 1.294943139430134726e-01 1.027175739520657383e-01 1.226781435445706003e-01
1.305816847427403449e-01 1.280725749431853855e-01 1.186128517460717097e-01 1.382258123420582741e-01 1.284223763429041265e-01 1.323284491432163978e-01 1.023035447511182194e-01 1.214527055451520565e-01
1.285375853431915960e-01 1.289422987433778978e-01 1.199850409449240429e-01 1.382128557419504966e-01 1.282318425425424402e-01 1.313568733436655533e-01 1.046085965501981629e-01 1.201249063458856986e-01
1.301358361421148802e-01 1.288379773432810627e-01 1.183960177463063007e-01 1.379952525415117648e-01 1.290090297430743771e-01 1.311889493431623588e-01 1.028366895521721225e-01 1.216002471448759947e-01
1.291259119432421332e-01 1.284772589442783330e-01 1.193858851462639148e-01 1.384297599411276614e-01 1.300543939420467643e-01 1.303884497437006740e-01 1.020526237518545598e-01 1.220857161447146955e-01
1.294946771426330467e-01 1.298151791433469482e-01 1.184712229460634231e-01 1.358725911416209242e-01 1.283866923441577823e-01 1.335542539436906095e-01 1.035686681508783819e-01 1.208367147450005591e-01
1.295850405437782848e-01 1.293242085426485333e-01 1.167411073459715259e-01 1.365160659417742617e-01 1.284807337426797369e-01 1.332600523437266482e-01 1.036387331515528504e-01 1.224540579445640015e-01
1.287187589432648993e-01 1.302062213429283632e-01 1.175150021464020367e-01 1.378586425412681449e-01 1.289248769428159858e-01 1.322759265435128895e-01 1.027648145511721456e-01 1.217357565446148815e-01
1.303914677425016544e-01 1.316357611428576879e-01 1.168000307475984267e-01 1.363546233420149523e-01 1.277471967436787370e-01 1.337496641430886424e-01 1.025641335511931623e-01 1.207571221440005144e-01
1.293219221429297294e-01 1.297927997437004211e-01 1.169004049465000306e-01 1.358742199421979768e-01 1.290074215430155880e-01 1.341261441421610912e-01 1.028041979510297688e-01 1.221728891449508220e-01
1.291428155437536751e-01 1.329739895419689288e-01 1.161562019473306867e-01 1.356400619423408505e-01 1.296512187427499851e-01 1.344249305432826946e-01 1.018004923509284176e-01 1.202102889446943490e-01
1.300380403429716170e-01 1.304103093429496429e-01 1.161379329473100630e-01 1.362605925419627384e-01 1.277394113433887868e-01 1.345306703436145446e-01 1.020349801513551202e-01 1.228480625439194729e-01
1.306125085433707533e-01 1.315436041428236225e-01 1.147759063474906999e-01 1.359522471424672307e-01 1.278544009433896234e-01 1.345799971432015962e-01 1.021996735508653303e-01 1.224816617436913918e-01
1.300380585424594504e-01 1.317327723437468345e-01 1.143948945470857070e-01 1.349459363424459213e-01 1.275589947428951154e-01 1.357006963428885327e-01 1.030009795509525539e-01 1.226276671446678013e-01
1.289386879435036604e-01 1.303075551441676694e-01 1.136628261475149115e-01 1.350853803424812982e-01 1.293611311427853572e-01 1.369952791422688887e-01 1.020208081509870329e-01 1.236283315438430619e-01
1.290830443432280650e-01 1.310179493427057751e-01 1.154079583469820453e-01 1.348318589418344704e-01 1.281705987433799376e-01 1.363914687430329564e-01 1.012569521521694410e-01 1.238401689445462472e-01
1.302942813428806523e-01 1.326473485425093413e-01 1.122140013480421583e-01 1.347837017419515893e-01 1.281027627432341776e-01 1.373564657431817493e-01 1.005085967530281593e-01 1.240928413441239470e-01
1.298674615426828882e-01 1.311698517426090616e-01 1.130311727460237836e-01 1.343639795425527195e-01 1.279755943434632282e-01 1.391964405427663087e-01 1.001106681524016467e-01 1.242848309450710204e-01
1.273506725432297648e-01 1.309024427434400673e-01 1.141917275464780779e-01 1.345498319418582944e-01 1.294890579435669653e-01 1.382827745420291410e-01 1.012090425518341885e-01 1.240244497446625349e-01
1.289765893431031041e-01 1.322335519427685069e-01 1.148977633467553050e-01 1.330657101429916223e-01 1.289436827420165355e-01 1.381361685433606379e-01 9.955617095320236365e-02 1.241903625440942127e-01
1.302154039435200472e-01 1.318048851419995060e-01 1.134951377465903966e-01 1.342857893425785099e-01 1.278690413430307871e-01 1.380107625433958651e-01 1.011973047520605407e-01 1.231216747447091142e-01
1.304983177430272534e-01 1.333174531435636634e-01 1.121578231476112880e-01 1.311593539413105913e-01 1.295669509428875599e-01 1.393905095433251307e-01 9.937847855359931148e-02 1.245311125437532224e-01
1.296856299428200965e-01 1.327154085438291276e-01 1.109626781482909441e-01 1.338946195410681272e-01 1.273743887432170208e-01 1.392007737425872138e-01 1.015712345522819526e-01 1.245952663429743812e-01
1.294641457432224030e-01 1.337934545423761501e-01 1.110571645486803927e-01 1.323213229425337645e-01 1.280749073428887608e-01 1.408444837424136786e-01 9.914639215298211294e-02 1.252981285433478198e-01
1.287029319435974151e-01 1.340493503421340271e-01 1.112133715477311297e-01 1.326785041423111100e-01 1.280326873426921586e-01 1.402795757430875256e-01 9.935029615315779661e-02 1.256932823436305580e-01
1.291954141430139980e-01 1.355031815414121099e-01 1.105154717493670447e-01 1.302923471435533109e-01 1.269952217428340080e-01 1.417893543419998514e-01 9.913122255269742056e-02 1.265777863439552231e-01
1.289129893435172758e-01 1.346341689429974564e-01 1.097236651488947001e-01 1.311183573430159954e-01 1.286211835429338923e-01 1.422303203413088357e-01 9.907229895275060372e-02 1.256870159443345125e-01
1.283861665435911403e-01 1.367249175426808738e-01 1.091322587490340390e-01 1.313886305420781386e-01 1.281643683428914937e-01 1.423788975422866365e-01 9.929070095298488108e-02 1.245340593437972293e-01
1.309707167425919194e-01 1.351901411422146981e-01 1.105101263488491442e-01 1.301265261422274722e-01 1.275974399438715434e-01 1.427212423410875453e-01 9.928935615385170443e-02 1.235944507452729907e-01
1.301503657419348092e-01 1.340592835422533269e-01 1.085777923499069569e-01 1.297444321433417203e-01 1.276148191427891043e-01 1.436973615421386907e-01 9.953253755289252769e-02 1.266234075435325457e-01
1.303498125435549881e-01 1.282105915443459698e-01 1.324299979425774820e-01 1.328337549420537667e-01 1.228370591437418363e-01 1.379051583433069383e-01 9.464409515481470025e-02 1.207895299441999887e-01
1.301211979428849308e-01 1.286298481426703111e-01 1.320950875430074722e-01 1.313933517418106878e-01 1.228650223445486300e-01 1.394295293431777882e-01 9.390397295608175765e-02 1.215619895446641979e-01
1.306216205427953303e-01 1.311286967439177498e-01 1.299369451430368860e-01 1.304514199438965016e-01 1.241487409439233081e-01 1.371474781431020751e-01 9.543884135446008277e-02 1.211262567434912701e-01
